Queue,Flow,Packet_ID,Type,Arrival,Deadline,Exec,Start,Finish,Slack
1,F1,P1_1,O,0,400000,6429,,,
1,F1,P1_2,O,400000,800000,6429,,,
1,F1,P1_3,M,800000,1200000,6429,800000.0,806429.0,393571.0
1,F42,P42_1,O,0,100000,1979,,,
1,F42,P42_2,M,100000,200000,1979,100000.0,101979.0,98021.0
1,F42,P42_3,O,200000,300000,1979,,,
1,F42,P42_4,O,300000,400000,1979,,,
1,F42,P42_5,M,400000,500000,1979,400000.0,401979.0,98021.0
1,F42,P42_6,O,500000,600000,1979,,,
1,F42,P42_7,O,600000,700000,1979,,,
1,F42,P42_8,M,700000,800000,1979,700000.0,701979.0,98021.0
1,F42,P42_9,O,800000,900000,1979,,,
1,F42,P42_10,O,900000,1000000,1979,,,
1,F42,P42_11,M,1000000,1100000,1979,1000000.0,1001979.0,98021.0
1,F42,P42_12,O,1100000,1200000,1979,,,
1,F46,P46_1,M,0,200000,2114,0.0,2114.0,197886.0
1,F46,P46_2,O,200000,400000,2114,,,
1,F46,P46_3,O,400000,600000,2114,,,
1,F46,P46_4,M,600000,800000,2114,600000.0,602114.0,197886.0
1,F46,P46_5,O,800000,1000000,2114,,,
1,F46,P46_6,O,1000000,1200000,2114,,,
1,F7,P7_1,O,0,400000,1296,,,
1,F7,P7_2,M,400000,800000,1296,401979.0,403275.0,396725.0
1,F7,P7_3,O,800000,1200000,1296,,,
2,F22,P22_1,O,0,400000,2701,,,
2,F22,P22_2,O,400000,800000,2701,,,
2,F22,P22_3,M,800000,1200000,2701,800000.0,802701.0,397299.0
2,F43,P43_1,M,0,200000,2653,0.0,2653.0,197347.0
2,F43,P43_2,O,200000,400000,2653,,,
2,F43,P43_3,O,400000,600000,2653,,,
2,F43,P43_4,M,600000,800000,2653,600000.0,602653.0,197347.0
2,F43,P43_5,O,800000,1000000,2653,,,
2,F43,P43_6,O,1000000,1200000,2653,,,
3,F17,P17_1,O,0,200000,2397,,,
3,F17,P17_2,M,200000,400000,2397,200000.0,202397.0,197603.0
3,F17,P17_3,O,400000,600000,2397,,,
3,F17,P17_4,O,600000,800000,2397,,,
3,F17,P17_5,M,800000,1000000,2397,800000.0,802397.0,197603.0
3,F17,P17_6,O,1000000,1200000,2397,,,
3,F19,P19_1,M,0,200000,4952,0.0,4952.0,195048.0
3,F19,P19_2,O,200000,400000,4952,,,
3,F19,P19_3,O,400000,600000,4952,,,
3,F19,P19_4,M,600000,800000,4952,600000.0,604952.0,195048.0
3,F19,P19_5,O,800000,1000000,4952,,,
3,F19,P19_6,O,1000000,1200000,4952,,,
3,F26,P26_1,O,0,200000,876,,,
3,F26,P26_2,M,200000,400000,876,202397.0,203273.0,196727.0
3,F26,P26_3,O,400000,600000,876,,,
3,F26,P26_4,O,600000,800000,876,,,
3,F26,P26_5,M,800000,1000000,876,802397.0,803273.0,196727.0
3,F26,P26_6,O,1000000,1200000,876,,,
3,F27,P27_1,O,0,400000,7120,,,
3,F27,P27_2,O,400000,800000,7120,,,
3,F27,P27_3,M,800000,1200000,7120,803273.0,810393.0,389607.0
3,F37,P37_1,O,0,200000,4372,,,
3,F37,P37_2,O,200000,400000,4372,,,
3,F37,P37_3,M,400000,600000,4372,400000.0,404372.0,195628.0
3,F37,P37_4,O,600000,800000,4372,,,
3,F37,P37_5,O,800000,1000000,4372,,,
3,F37,P37_6,M,1000000,1200000,4372,1000000.0,1004372.0,195628.0
3,F9,P9_1,O,0,400000,600,,,
3,F9,P9_2,M,400000,800000,600,404372.0,404972.0,395028.0
3,F9,P9_3,O,800000,1200000,600,,,
4,F13,P13_1,O,0,400000,8628,,,
4,F13,P13_2,O,400000,800000,8628,,,
4,F13,P13_3,M,800000,1200000,8628,808981.0,817609.0,382391.0
4,F14,P14_1,O,0,400000,9728,,,
4,F14,P14_2,M,400000,800000,9728,414175.0,423903.0,376097.0
4,F14,P14_3,O,800000,1200000,9728,,,
4,F16,P16_1,O,0,200000,10705,,,
4,F16,P16_2,O,200000,400000,10705,,,
4,F16,P16_3,M,400000,600000,10705,403470.0,414175.0,185825.0
4,F16,P16_4,O,600000,800000,10705,,,
4,F16,P16_5,O,800000,1000000,10705,,,
4,F16,P16_6,M,1000000,1200000,10705,1003470.0,1014175.0,185825.0
4,F18,P18_1,O,0,400000,7025,,,
4,F18,P18_2,O,400000,800000,7025,,,
4,F18,P18_3,M,800000,1200000,7025,817609.0,824634.0,375366.0
4,F29,P29_1,M,0,400000,1400,3123.0,4523.0,395477.0
4,F29,P29_2,O,400000,800000,1400,,,
4,F29,P29_3,O,800000,1200000,1400,,,
4,F32,P32_1,O,0,200000,8981,,,
4,F32,P32_2,M,200000,400000,8981,200000.0,208981.0,191019.0
4,F32,P32_3,O,400000,600000,8981,,,
4,F32,P32_4,O,600000,800000,8981,,,
4,F32,P32_5,M,800000,1000000,8981,800000.0,808981.0,191019.0
4,F32,P32_6,O,1000000,1200000,8981,,,
4,F34,P34_1,O,0,100000,3470,,,
4,F34,P34_2,M,100000,200000,3470,100000.0,103470.0,96530.0
4,F34,P34_3,O,200000,300000,3470,,,
4,F34,P34_4,O,300000,400000,3470,,,
4,F34,P34_5,M,400000,500000,3470,400000.0,403470.0,96530.0
4,F34,P34_6,O,500000,600000,3470,,,
4,F34,P34_7,O,600000,700000,3470,,,
4,F34,P34_8,M,700000,800000,3470,700000.0,703470.0,96530.0
4,F34,P34_9,O,800000,900000,3470,,,
4,F34,P34_10,O,900000,1000000,3470,,,
4,F34,P34_11,M,1000000,1100000,3470,1000000.0,1003470.0,96530.0
4,F34,P34_12,O,1100000,1200000,3470,,,
4,F35,P35_1,M,0,400000,3123,0.0,3123.0,396877.0
4,F35,P35_2,O,400000,800000,3123,,,
4,F35,P35_3,O,800000,1200000,3123,,,
4,F8,P8_1,M,0,400000,735,4523.0,5258.0,394742.0
4,F8,P8_2,O,400000,800000,735,,,
4,F8,P8_3,O,800000,1200000,735,,,
5,F10,P10_1,O,0,200000,6950,,,
5,F10,P10_2,M,200000,400000,6950,200674.0,207624.0,192376.0
5,F10,P10_3,O,400000,600000,6950,,,
5,F10,P10_4,O,600000,800000,6950,,,
5,F10,P10_5,M,800000,1000000,6950,800674.0,807624.0,192376.0
5,F10,P10_6,O,1000000,1200000,6950,,,
5,F12,P12_1,M,0,400000,1066,19382.0,20448.0,379552.0
5,F12,P12_2,O,400000,800000,1066,,,
5,F12,P12_3,O,800000,1200000,1066,,,
5,F20,P20_1,O,0,200000,5359,,,
5,F20,P20_2,O,200000,400000,5359,,,
5,F20,P20_3,M,400000,600000,5359,409269.0,414628.0,185372.0
5,F20,P20_4,O,600000,800000,5359,,,
5,F20,P20_5,O,800000,1000000,5359,,,
5,F20,P20_6,M,1000000,1200000,5359,1009269.0,1014628.0,185372.0
5,F21,P21_1,O,0,50000,674,,,
5,F21,P21_2,M,50000,100000,674,50000.0,50674.0,49326.0
5,F21,P21_3,O,100000,150000,674,,,
5,F21,P21_4,O,150000,200000,674,,,
5,F21,P21_5,M,200000,250000,674,200000.0,200674.0,49326.0
5,F21,P21_6,O,250000,300000,674,,,
5,F21,P21_7,O,300000,350000,674,,,
5,F21,P21_8,M,350000,400000,674,350000.0,350674.0,49326.0
5,F21,P21_9,O,400000,450000,674,,,
5,F21,P21_10,O,450000,500000,674,,,
5,F21,P21_11,M,500000,550000,674,500000.0,500674.0,49326.0
5,F21,P21_12,O,550000,600000,674,,,
5,F21,P21_13,O,600000,650000,674,,,
5,F21,P21_14,M,650000,700000,674,650000.0,650674.0,49326.0
5,F21,P21_15,O,700000,750000,674,,,
5,F21,P21_16,O,750000,800000,674,,,
5,F21,P21_17,M,800000,850000,674,800000.0,800674.0,49326.0
5,F21,P21_18,O,850000,900000,674,,,
5,F21,P21_19,O,900000,950000,674,,,
5,F21,P21_20,M,950000,1000000,674,950000.0,950674.0,49326.0
5,F21,P21_21,O,1000000,1050000,674,,,
5,F21,P21_22,O,1050000,1100000,674,,,
5,F21,P21_23,M,1100000,1150000,674,1100000.0,1100674.0,49326.0
5,F21,P21_24,O,1150000,1200000,674,,,
5,F28,P28_1,O,0,200000,9269,,,
5,F28,P28_2,O,200000,400000,9269,,,
5,F28,P28_3,M,400000,600000,9269,400000.0,409269.0,190731.0
5,F28,P28_4,O,600000,800000,9269,,,
5,F28,P28_5,O,800000,1000000,9269,,,
5,F28,P28_6,M,1000000,1200000,9269,1000000.0,1009269.0,190731.0
5,F31,P31_1,M,0,200000,11105,8277.0,19382.0,180618.0
5,F31,P31_2,O,200000,400000,11105,,,
5,F31,P31_3,O,400000,600000,11105,,,
5,F31,P31_4,M,600000,800000,11105,608277.0,619382.0,180618.0
5,F31,P31_5,O,800000,1000000,11105,,,
5,F31,P31_6,O,1000000,1200000,11105,,,
5,F33,P33_1,O,0,200000,3683,,,
5,F33,P33_2,M,200000,400000,3683,207624.0,211307.0,188693.0
5,F33,P33_3,O,400000,600000,3683,,,
5,F33,P33_4,O,600000,800000,3683,,,
5,F33,P33_5,M,800000,1000000,3683,807624.0,811307.0,188693.0
5,F33,P33_6,O,1000000,1200000,3683,,,
5,F36,P36_1,O,0,400000,8932,,,
5,F36,P36_2,M,400000,800000,8932,414628.0,423560.0,376440.0
5,F36,P36_3,O,800000,1200000,8932,,,
5,F41,P41_1,O,0,400000,4440,,,
5,F41,P41_2,O,400000,800000,4440,,,
5,F41,P41_3,M,800000,1200000,4440,811307.0,815747.0,384253.0
5,F45,P45_1,M,0,100000,8277,0.0,8277.0,91723.0
5,F45,P45_2,O,100000,200000,8277,,,
5,F45,P45_3,O,200000,300000,8277,,,
5,F45,P45_4,M,300000,400000,8277,300000.0,308277.0,91723.0
5,F45,P45_5,O,400000,500000,8277,,,
5,F45,P45_6,O,500000,600000,8277,,,
5,F45,P45_7,M,600000,700000,8277,600000.0,608277.0,91723.0
5,F45,P45_8,O,700000,800000,8277,,,
5,F45,P45_9,O,800000,900000,8277,,,
5,F45,P45_10,M,900000,1000000,8277,900000.0,908277.0,91723.0
5,F45,P45_11,O,1000000,1100000,8277,,,
5,F45,P45_12,O,1100000,1200000,8277,,,
6,F2,P2_1,O,0,400000,2956,,,
6,F2,P2_2,M,400000,800000,2956,403107.0,406063.0,393937.0
6,F2,P2_3,O,800000,1200000,2956,,,
6,F3,P3_1,M,0,200000,7460,0.0,7460.0,192540.0
6,F3,P3_2,O,200000,400000,7460,,,
6,F3,P3_3,O,400000,600000,7460,,,
6,F3,P3_4,M,600000,800000,7460,600000.0,607460.0,192540.0
6,F3,P3_5,O,800000,1000000,7460,,,
6,F3,P3_6,O,1000000,1200000,7460,,,
6,F38,P38_1,O,0,400000,7735,,,
6,F38,P38_2,O,400000,800000,7735,,,
6,F38,P38_3,M,800000,1200000,7735,802353.0,810088.0,389912.0
6,F39,P39_1,O,0,400000,2137,,,
6,F39,P39_2,M,400000,800000,2137,406063.0,408200.0,391800.0
6,F39,P39_3,O,800000,1200000,2137,,,
6,F4,P4_1,O,0,50000,2353,,,
6,F4,P4_2,M,50000,100000,2353,50000.0,52353.0,47647.0
6,F4,P4_3,O,100000,150000,2353,,,
6,F4,P4_4,O,150000,200000,2353,,,
6,F4,P4_5,M,200000,250000,2353,200000.0,202353.0,47647.0
6,F4,P4_6,O,250000,300000,2353,,,
6,F4,P4_7,O,300000,350000,2353,,,
6,F4,P4_8,M,350000,400000,2353,350000.0,352353.0,47647.0
6,F4,P4_9,O,400000,450000,2353,,,
6,F4,P4_10,O,450000,500000,2353,,,
6,F4,P4_11,M,500000,550000,2353,500000.0,502353.0,47647.0
6,F4,P4_12,O,550000,600000,2353,,,
6,F4,P4_13,O,600000,650000,2353,,,
6,F4,P4_14,M,650000,700000,2353,650000.0,652353.0,47647.0
6,F4,P4_15,O,700000,750000,2353,,,
6,F4,P4_16,O,750000,800000,2353,,,
6,F4,P4_17,M,800000,850000,2353,800000.0,802353.0,47647.0
6,F4,P4_18,O,850000,900000,2353,,,
6,F4,P4_19,O,900000,950000,2353,,,
6,F4,P4_20,M,950000,1000000,2353,950000.0,952353.0,47647.0
6,F4,P4_21,O,1000000,1050000,2353,,,
6,F4,P4_22,O,1050000,1100000,2353,,,
6,F4,P4_23,M,1100000,1150000,2353,1100000.0,1102353.0,47647.0
6,F4,P4_24,O,1150000,1200000,2353,,,
6,F40,P40_1,O,0,100000,3107,,,
6,F40,P40_2,M,100000,200000,3107,100000.0,103107.0,96893.0
6,F40,P40_3,O,200000,300000,3107,,,
6,F40,P40_4,O,300000,400000,3107,,,
6,F40,P40_5,M,400000,500000,3107,400000.0,403107.0,96893.0
6,F40,P40_6,O,500000,600000,3107,,,
6,F40,P40_7,O,600000,700000,3107,,,
6,F40,P40_8,M,700000,800000,3107,700000.0,703107.0,96893.0
6,F40,P40_9,O,800000,900000,3107,,,
6,F40,P40_10,O,900000,1000000,3107,,,
6,F40,P40_11,M,1000000,1100000,3107,1000000.0,1003107.0,96893.0
6,F40,P40_12,O,1100000,1200000,3107,,,
6,F47,P47_1,M,0,400000,9166,7460.0,16626.0,383374.0
6,F47,P47_2,O,400000,800000,9166,,,
6,F47,P47_3,O,800000,1200000,9166,,,
6,F5,P5_1,O,0,400000,6050,,,
6,F5,P5_2,O,400000,800000,6050,,,
6,F5,P5_3,M,800000,1200000,6050,810088.0,816138.0,383862.0
7,F11,P11_1,M,0,100000,6901,0.0,6901.0,93099.0
7,F11,P11_2,O,100000,200000,6901,,,
7,F11,P11_3,O,200000,300000,6901,,,
7,F11,P11_4,M,300000,400000,6901,300000.0,306901.0,93099.0
7,F11,P11_5,O,400000,500000,6901,,,
7,F11,P11_6,O,500000,600000,6901,,,
7,F11,P11_7,M,600000,700000,6901,600000.0,606901.0,93099.0
7,F11,P11_8,O,700000,800000,6901,,,
7,F11,P11_9,O,800000,900000,6901,,,
7,F11,P11_10,M,900000,1000000,6901,900000.0,906901.0,93099.0
7,F11,P11_11,O,1000000,1100000,6901,,,
7,F11,P11_12,O,1100000,1200000,6901,,,
7,F15,P15_1,O,0,200000,7339,,,
7,F15,P15_2,O,200000,400000,7339,,,
7,F15,P15_3,M,400000,600000,7339,400828.0,408167.0,191833.0
7,F15,P15_4,O,600000,800000,7339,,,
7,F15,P15_5,O,800000,1000000,7339,,,
7,F15,P15_6,M,1000000,1200000,7339,1000828.0,1008167.0,191833.0
7,F23,P23_1,O,0,400000,10767,,,
7,F23,P23_2,M,400000,800000,10767,408167.0,418934.0,381066.0
7,F23,P23_3,O,800000,1200000,10767,,,
7,F24,P24_1,O,0,100000,828,,,
7,F24,P24_2,M,100000,200000,828,100000.0,100828.0,99172.0
7,F24,P24_3,O,200000,300000,828,,,
7,F24,P24_4,O,300000,400000,828,,,
7,F24,P24_5,M,400000,500000,828,400000.0,400828.0,99172.0
7,F24,P24_6,O,500000,600000,828,,,
7,F24,P24_7,O,600000,700000,828,,,
7,F24,P24_8,M,700000,800000,828,700000.0,700828.0,99172.0
7,F24,P24_9,O,800000,900000,828,,,
7,F24,P24_10,O,900000,1000000,828,,,
7,F24,P24_11,M,1000000,1100000,828,1000000.0,1000828.0,99172.0
7,F24,P24_12,O,1100000,1200000,828,,,
7,F25,P25_1,O,0,400000,1715,,,
7,F25,P25_2,O,400000,800000,1715,,,
7,F25,P25_3,M,800000,1200000,1715,810607.0,812322.0,387678.0
7,F30,P30_1,O,0,200000,4273,,,
7,F30,P30_2,M,200000,400000,4273,200000.0,204273.0,195727.0
7,F30,P30_3,O,400000,600000,4273,,,
7,F30,P30_4,O,600000,800000,4273,,,
7,F30,P30_5,M,800000,1000000,4273,800000.0,804273.0,195727.0
7,F30,P30_6,O,1000000,1200000,4273,,,
7,F44,P44_1,O,0,400000,6334,,,
7,F44,P44_2,O,400000,800000,6334,,,
7,F44,P44_3,M,800000,1200000,6334,804273.0,810607.0,389393.0
7,F48,P48_1,M,0,400000,9339,16248.0,25587.0,374413.0
7,F48,P48_2,O,400000,800000,9339,,,
7,F48,P48_3,O,800000,1200000,9339,,,
7,F6,P6_1,M,0,200000,9347,6901.0,16248.0,183752.0
7,F6,P6_2,O,200000,400000,9347,,,
7,F6,P6_3,O,400000,600000,9347,,,
7,F6,P6_4,M,600000,800000,9347,606901.0,616248.0,183752.0
7,F6,P6_5,O,800000,1000000,9347,,,
7,F6,P6_6,O,1000000,1200000,9347,,,
