Flow,Packet,Class,Arrival,Deadline,Execution Time,Gate Open,Gate Close,Response Time,Status,Scheduled,Deadline Met,Solver_Execution_Time_Seconds,Solver_Execution_Time_Minutes,Solver_Status,Objective_Value,Stopping_Reason
F1,P1_1,8,0,400000,10380,,,,Optional Packets- Not Scheduled,No,N/A,3600.6223645210266,60.01037274201711,9,63.0,Gurobi Status: 9
F1,P1_2,3,400000,800000,10380,456033.0,466413.0,66413.0,Scheduled - Deadline Met,Yes,Yes,3600.6223645210266,60.01037274201711,9,63.0,Gurobi Status: 9
F1,P1_3,3,800000,1200000,10380,836094.0,846474.0,46474.0,Scheduled - Deadline Met,Yes,Yes,3600.6223645210266,60.01037274201711,9,63.0,Gurobi Status: 9
F10,P10_1,8,0,100000,682,92614.0,93296.0,93296.0,Scheduled - Deadline Met,Yes,Yes,3600.6223645210266,60.01037274201711,9,63.0,Gurobi Status: 9
F10,P10_2,5,100000,200000,682,187956.0,188638.0,88638.0,Scheduled - Deadline Met,Yes,Yes,3600.6223645210266,60.01037274201711,9,63.0,Gurobi Status: 9
F10,P10_3,5,200000,300000,682,265896.0,266578.0,66578.0,Scheduled - Deadline Met,Yes,Yes,3600.6223645210266,60.01037274201711,9,63.0,Gurobi Status: 9
F10,P10_4,8,300000,400000,682,377842.0,378524.0,78524.0,Scheduled - Deadline Met,Yes,Yes,3600.6223645210266,60.01037274201711,9,63.0,Gurobi Status: 9
F10,P10_5,5,400000,500000,682,426119.0,426801.0,26801.0,Scheduled - Deadline Met,Yes,Yes,3600.6223645210266,60.01037274201711,9,63.0,Gurobi Status: 9
F10,P10_6,5,500000,600000,682,592661.0,593343.0,93343.0,Scheduled - Deadline Met,Yes,Yes,3600.6223645210266,60.01037274201711,9,63.0,Gurobi Status: 9
F10,P10_7,8,600000,700000,682,609784.0,610466.0,10466.0,Scheduled - Deadline Met,Yes,Yes,3600.6223645210266,60.01037274201711,9,63.0,Gurobi Status: 9
F10,P10_8,5,700000,800000,682,748644.0,749326.0,49326.0,Scheduled - Deadline Met,Yes,Yes,3600.6223645210266,60.01037274201711,9,63.0,Gurobi Status: 9
F10,P10_9,5,800000,900000,682,846570.0,847252.0,47252.0,Scheduled - Deadline Met,Yes,Yes,3600.6223645210266,60.01037274201711,9,63.0,Gurobi Status: 9
F10,P10_10,8,900000,1000000,682,909880.0,910562.0,10562.0,Scheduled - Deadline Met,Yes,Yes,3600.6223645210266,60.01037274201711,9,63.0,Gurobi Status: 9
F10,P10_11,5,1000000,1100000,682,1041509.0,1042191.0,42191.0,Scheduled - Deadline Met,Yes,Yes,3600.6223645210266,60.01037274201711,9,63.0,Gurobi Status: 9
F10,P10_12,5,1100000,1200000,682,1187679.0,1188361.0,88361.0,Scheduled - Deadline Met,Yes,Yes,3600.6223645210266,60.01037274201711,9,63.0,Gurobi Status: 9
F11,P11_1,1,0,200000,1458,21662.0,23120.0,23120.0,Scheduled - Deadline Met,Yes,Yes,3600.6223645210266,60.01037274201711,9,63.0,Gurobi Status: 9
F11,P11_2,1,200000,400000,1458,251931.0,253389.0,53389.0,Scheduled - Deadline Met,Yes,Yes,3600.6223645210266,60.01037274201711,9,63.0,Gurobi Status: 9
F11,P11_3,8,400000,600000,1458,,,,Optional Packets- Not Scheduled,No,N/A,3600.6223645210266,60.01037274201711,9,63.0,Gurobi Status: 9
F11,P11_4,1,600000,800000,1458,675262.0,676720.0,76720.0,Scheduled - Deadline Met,Yes,Yes,3600.6223645210266,60.01037274201711,9,63.0,Gurobi Status: 9
F11,P11_5,1,800000,1000000,1458,822405.0,823863.0,23863.0,Scheduled - Deadline Met,Yes,Yes,3600.6223645210266,60.01037274201711,9,63.0,Gurobi Status: 9
F11,P11_6,8,1000000,1200000,1458,1071118.0,1072576.0,72576.0,Scheduled - Deadline Met,Yes,Yes,3600.6223645210266,60.01037274201711,9,63.0,Gurobi Status: 9
F12,P12_1,7,0,400000,5619,67332.0,72951.0,72951.0,Scheduled - Deadline Met,Yes,Yes,3600.6223645210266,60.01037274201711,9,63.0,Gurobi Status: 9
F12,P12_2,8,400000,800000,5619,,,,Optional Packets- Not Scheduled,No,N/A,3600.6223645210266,60.01037274201711,9,63.0,Gurobi Status: 9
F12,P12_3,7,800000,1200000,5619,1058104.0,1063723.0,263723.0,Scheduled - Deadline Met,Yes,Yes,3600.6223645210266,60.01037274201711,9,63.0,Gurobi Status: 9
F13,P13_1,3,0,50000,643,12542.0,13185.0,13185.0,Scheduled - Deadline Met,Yes,Yes,3600.6223645210266,60.01037274201711,9,63.0,Gurobi Status: 9
F13,P13_2,8,50000,100000,643,99357.0,100000.0,50000.0,Scheduled - Deadline Met,Yes,Yes,3600.6223645210266,60.01037274201711,9,63.0,Gurobi Status: 9
F13,P13_3,3,100000,150000,643,148627.0,149270.0,49270.0,Scheduled - Deadline Met,Yes,Yes,3600.6223645210266,60.01037274201711,9,63.0,Gurobi Status: 9
F13,P13_4,3,150000,200000,643,185167.0,185810.0,35810.0,Scheduled - Deadline Met,Yes,Yes,3600.6223645210266,60.01037274201711,9,63.0,Gurobi Status: 9
F13,P13_5,8,200000,250000,643,200000.0,200643.0,643.0,Scheduled - Deadline Met,Yes,Yes,3600.6223645210266,60.01037274201711,9,63.0,Gurobi Status: 9
F13,P13_6,3,250000,300000,643,271005.0,271648.0,21648.0,Scheduled - Deadline Met,Yes,Yes,3600.6223645210266,60.01037274201711,9,63.0,Gurobi Status: 9
F13,P13_7,3,300000,350000,643,346630.0,347273.0,47273.0,Scheduled - Deadline Met,Yes,Yes,3600.6223645210266,60.01037274201711,9,63.0,Gurobi Status: 9
F13,P13_8,8,350000,400000,643,378620.0,379263.0,29263.0,Scheduled - Deadline Met,Yes,Yes,3600.6223645210266,60.01037274201711,9,63.0,Gurobi Status: 9
F13,P13_9,3,400000,450000,643,404331.0,404974.0,4974.0,Scheduled - Deadline Met,Yes,Yes,3600.6223645210266,60.01037274201711,9,63.0,Gurobi Status: 9
F13,P13_10,3,450000,500000,643,467768.0,468411.0,18411.0,Scheduled - Deadline Met,Yes,Yes,3600.6223645210266,60.01037274201711,9,63.0,Gurobi Status: 9
F13,P13_11,8,500000,550000,643,,,,Optional Packets- Not Scheduled,No,N/A,3600.6223645210266,60.01037274201711,9,63.0,Gurobi Status: 9
F13,P13_12,3,550000,600000,643,589454.0,590097.0,40097.0,Scheduled - Deadline Met,Yes,Yes,3600.6223645210266,60.01037274201711,9,63.0,Gurobi Status: 9
F13,P13_13,3,600000,650000,643,637356.0,637999.0,37999.0,Scheduled - Deadline Met,Yes,Yes,3600.6223645210266,60.01037274201711,9,63.0,Gurobi Status: 9
F13,P13_14,8,650000,700000,643,696201.0,696844.0,46844.0,Scheduled - Deadline Met,Yes,Yes,3600.6223645210266,60.01037274201711,9,63.0,Gurobi Status: 9
F13,P13_15,3,700000,750000,643,712199.0,712842.0,12842.0,Scheduled - Deadline Met,Yes,Yes,3600.6223645210266,60.01037274201711,9,63.0,Gurobi Status: 9
F13,P13_16,3,750000,800000,643,755200.0,755843.0,5843.0,Scheduled - Deadline Met,Yes,Yes,3600.6223645210266,60.01037274201711,9,63.0,Gurobi Status: 9
F13,P13_17,8,800000,850000,643,,,,Optional Packets- Not Scheduled,No,N/A,3600.6223645210266,60.01037274201711,9,63.0,Gurobi Status: 9
F13,P13_18,3,850000,900000,643,887769.0,888412.0,38412.0,Scheduled - Deadline Met,Yes,Yes,3600.6223645210266,60.01037274201711,9,63.0,Gurobi Status: 9
F13,P13_19,3,900000,950000,643,931682.0,932325.0,32325.0,Scheduled - Deadline Met,Yes,Yes,3600.6223645210266,60.01037274201711,9,63.0,Gurobi Status: 9
F13,P13_20,8,950000,1000000,643,999296.0,999939.0,49939.0,Scheduled - Deadline Met,Yes,Yes,3600.6223645210266,60.01037274201711,9,63.0,Gurobi Status: 9
F13,P13_21,3,1000000,1050000,643,1025735.0,1026378.0,26378.0,Scheduled - Deadline Met,Yes,Yes,3600.6223645210266,60.01037274201711,9,63.0,Gurobi Status: 9
F13,P13_22,3,1050000,1100000,643,1092054.0,1092697.0,42697.0,Scheduled - Deadline Met,Yes,Yes,3600.6223645210266,60.01037274201711,9,63.0,Gurobi Status: 9
F13,P13_23,8,1100000,1150000,643,1149357.0,1150000.0,50000.0,Scheduled - Deadline Met,Yes,Yes,3600.6223645210266,60.01037274201711,9,63.0,Gurobi Status: 9
F13,P13_24,3,1150000,1200000,643,1196911.0,1197554.0,47554.0,Scheduled - Deadline Met,Yes,Yes,3600.6223645210266,60.01037274201711,9,63.0,Gurobi Status: 9
F14,P14_1,8,0,50000,4235,,,,Optional Packets- Not Scheduled,No,N/A,3600.6223645210266,60.01037274201711,9,63.0,Gurobi Status: 9
F14,P14_2,3,50000,100000,4235,63001.0,67236.0,17236.0,Scheduled - Deadline Met,Yes,Yes,3600.6223645210266,60.01037274201711,9,63.0,Gurobi Status: 9
F14,P14_3,3,100000,150000,4235,142233.0,146468.0,46468.0,Scheduled - Deadline Met,Yes,Yes,3600.6223645210266,60.01037274201711,9,63.0,Gurobi Status: 9
F14,P14_4,8,150000,200000,4235,191546.0,195781.0,45781.0,Scheduled - Deadline Met,Yes,Yes,3600.6223645210266,60.01037274201711,9,63.0,Gurobi Status: 9
F14,P14_5,3,200000,250000,4235,231417.0,235652.0,35652.0,Scheduled - Deadline Met,Yes,Yes,3600.6223645210266,60.01037274201711,9,63.0,Gurobi Status: 9
F14,P14_6,3,250000,300000,4235,266674.0,270909.0,20909.0,Scheduled - Deadline Met,Yes,Yes,3600.6223645210266,60.01037274201711,9,63.0,Gurobi Status: 9
F14,P14_7,8,300000,350000,4235,325918.0,330153.0,30153.0,Scheduled - Deadline Met,Yes,Yes,3600.6223645210266,60.01037274201711,9,63.0,Gurobi Status: 9
F14,P14_8,3,350000,400000,4235,390287.0,394522.0,44522.0,Scheduled - Deadline Met,Yes,Yes,3600.6223645210266,60.01037274201711,9,63.0,Gurobi Status: 9
F14,P14_9,3,400000,450000,4235,400000.0,404235.0,4235.0,Scheduled - Deadline Met,Yes,Yes,3600.6223645210266,60.01037274201711,9,63.0,Gurobi Status: 9
F14,P14_10,8,450000,500000,4235,,,,Optional Packets- Not Scheduled,No,N/A,3600.6223645210266,60.01037274201711,9,63.0,Gurobi Status: 9
F14,P14_11,3,500000,550000,4235,518052.0,522287.0,22287.0,Scheduled - Deadline Met,Yes,Yes,3600.6223645210266,60.01037274201711,9,63.0,Gurobi Status: 9
F14,P14_12,3,550000,600000,4235,578554.0,582789.0,32789.0,Scheduled - Deadline Met,Yes,Yes,3600.6223645210266,60.01037274201711,9,63.0,Gurobi Status: 9
F14,P14_13,8,600000,650000,4235,600000.0,604235.0,4235.0,Scheduled - Deadline Met,Yes,Yes,3600.6223645210266,60.01037274201711,9,63.0,Gurobi Status: 9
F14,P14_14,3,650000,700000,4235,670931.0,675166.0,25166.0,Scheduled - Deadline Met,Yes,Yes,3600.6223645210266,60.01037274201711,9,63.0,Gurobi Status: 9
F14,P14_15,3,700000,750000,4235,707868.0,712103.0,12103.0,Scheduled - Deadline Met,Yes,Yes,3600.6223645210266,60.01037274201711,9,63.0,Gurobi Status: 9
F14,P14_16,8,750000,800000,4235,765912.0,770147.0,20147.0,Scheduled - Deadline Met,Yes,Yes,3600.6223645210266,60.01037274201711,9,63.0,Gurobi Status: 9
F14,P14_17,3,800000,850000,4235,814347.0,818582.0,18582.0,Scheduled - Deadline Met,Yes,Yes,3600.6223645210266,60.01037274201711,9,63.0,Gurobi Status: 9
F14,P14_18,3,850000,900000,4235,877472.0,881707.0,31707.0,Scheduled - Deadline Met,Yes,Yes,3600.6223645210266,60.01037274201711,9,63.0,Gurobi Status: 9
F14,P14_19,8,900000,950000,4235,900096.0,904331.0,4331.0,Scheduled - Deadline Met,Yes,Yes,3600.6223645210266,60.01037274201711,9,63.0,Gurobi Status: 9
F14,P14_20,3,950000,1000000,4235,975339.0,979574.0,29574.0,Scheduled - Deadline Met,Yes,Yes,3600.6223645210266,60.01037274201711,9,63.0,Gurobi Status: 9
F14,P14_21,3,1000000,1050000,4235,1021404.0,1025639.0,25639.0,Scheduled - Deadline Met,Yes,Yes,3600.6223645210266,60.01037274201711,9,63.0,Gurobi Status: 9
F14,P14_22,8,1050000,1100000,4235,1072672.0,1076907.0,26907.0,Scheduled - Deadline Met,Yes,Yes,3600.6223645210266,60.01037274201711,9,63.0,Gurobi Status: 9
F14,P14_23,3,1100000,1150000,4235,1100982.0,1105217.0,5217.0,Scheduled - Deadline Met,Yes,Yes,3600.6223645210266,60.01037274201711,9,63.0,Gurobi Status: 9
F14,P14_24,3,1150000,1200000,4235,1192580.0,1196815.0,46815.0,Scheduled - Deadline Met,Yes,Yes,3600.6223645210266,60.01037274201711,9,63.0,Gurobi Status: 9
F15,P15_1,1,0,100000,8741,3705.0,12446.0,12446.0,Scheduled - Deadline Met,Yes,Yes,3600.6223645210266,60.01037274201711,9,63.0,Gurobi Status: 9
F15,P15_2,1,100000,200000,8741,166906.0,175647.0,75647.0,Scheduled - Deadline Met,Yes,Yes,3600.6223645210266,60.01037274201711,9,63.0,Gurobi Status: 9
F15,P15_3,8,200000,300000,8741,200739.0,209480.0,9480.0,Scheduled - Deadline Met,Yes,Yes,3600.6223645210266,60.01037274201711,9,63.0,Gurobi Status: 9
F15,P15_4,1,300000,400000,8741,351446.0,360187.0,60187.0,Scheduled - Deadline Met,Yes,Yes,3600.6223645210266,60.01037274201711,9,63.0,Gurobi Status: 9
F15,P15_5,1,400000,500000,8741,438017.0,446758.0,46758.0,Scheduled - Deadline Met,Yes,Yes,3600.6223645210266,60.01037274201711,9,63.0,Gurobi Status: 9
F15,P15_6,8,500000,600000,8741,,,,Optional Packets- Not Scheduled,No,N/A,3600.6223645210266,60.01037274201711,9,63.0,Gurobi Status: 9
F15,P15_7,1,600000,700000,8741,638095.0,646836.0,46836.0,Scheduled - Deadline Met,Yes,Yes,3600.6223645210266,60.01037274201711,9,63.0,Gurobi Status: 9
F15,P15_8,1,700000,800000,8741,785294.0,794035.0,94035.0,Scheduled - Deadline Met,Yes,Yes,3600.6223645210266,60.01037274201711,9,63.0,Gurobi Status: 9
F15,P15_9,8,800000,900000,8741,,,,Optional Packets- Not Scheduled,No,N/A,3600.6223645210266,60.01037274201711,9,63.0,Gurobi Status: 9
F15,P15_10,1,900000,1000000,8741,922845.0,931586.0,31586.0,Scheduled - Deadline Met,Yes,Yes,3600.6223645210266,60.01037274201711,9,63.0,Gurobi Status: 9
F15,P15_11,1,1000000,1100000,8741,1049363.0,1058104.0,58104.0,Scheduled - Deadline Met,Yes,Yes,3600.6223645210266,60.01037274201711,9,63.0,Gurobi Status: 9
F15,P15_12,8,1100000,1200000,8741,1150096.0,1158837.0,58837.0,Scheduled - Deadline Met,Yes,Yes,3600.6223645210266,60.01037274201711,9,63.0,Gurobi Status: 9
F16,P16_1,1,0,400000,9310,28275.0,37585.0,37585.0,Scheduled - Deadline Met,Yes,Yes,3600.6223645210266,60.01037274201711,9,63.0,Gurobi Status: 9
F16,P16_2,1,400000,800000,9310,508742.0,518052.0,118052.0,Scheduled - Deadline Met,Yes,Yes,3600.6223645210266,60.01037274201711,9,63.0,Gurobi Status: 9
F16,P16_3,8,800000,1200000,9310,,,,Optional Packets- Not Scheduled,No,N/A,3600.6223645210266,60.01037274201711,9,63.0,Gurobi Status: 9
F17,P17_1,3,0,400000,11024,50079.0,61103.0,61103.0,Scheduled - Deadline Met,Yes,Yes,3600.6223645210266,60.01037274201711,9,63.0,Gurobi Status: 9
F17,P17_2,3,400000,800000,11024,426897.0,437921.0,37921.0,Scheduled - Deadline Met,Yes,Yes,3600.6223645210266,60.01037274201711,9,63.0,Gurobi Status: 9
F17,P17_3,8,800000,1200000,11024,,,,Optional Packets- Not Scheduled,No,N/A,3600.6223645210266,60.01037274201711,9,63.0,Gurobi Status: 9
F18,P18_1,4,0,400000,894,164794.0,165688.0,165688.0,Scheduled - Deadline Met,Yes,Yes,3600.6223645210266,60.01037274201711,9,63.0,Gurobi Status: 9
F18,P18_2,4,400000,800000,894,448184.0,449078.0,49078.0,Scheduled - Deadline Met,Yes,Yes,3600.6223645210266,60.01037274201711,9,63.0,Gurobi Status: 9
F18,P18_3,8,800000,1200000,894,895016.0,895910.0,95910.0,Scheduled - Deadline Met,Yes,Yes,3600.6223645210266,60.01037274201711,9,63.0,Gurobi Status: 9
F19,P19_1,8,0,400000,6647,,,,Optional Packets- Not Scheduled,No,N/A,3600.6223645210266,60.01037274201711,9,63.0,Gurobi Status: 9
F19,P19_2,6,400000,800000,6647,528480.0,535127.0,135127.0,Scheduled - Deadline Met,Yes,Yes,3600.6223645210266,60.01037274201711,9,63.0,Gurobi Status: 9
F19,P19_3,6,800000,1200000,6647,992361.0,999008.0,199008.0,Scheduled - Deadline Met,Yes,Yes,3600.6223645210266,60.01037274201711,9,63.0,Gurobi Status: 9
F2,P2_1,3,0,50000,1163,2446.0,3609.0,3609.0,Scheduled - Deadline Met,Yes,Yes,3600.6223645210266,60.01037274201711,9,63.0,Gurobi Status: 9
F2,P2_2,3,50000,100000,1163,83311.0,84474.0,34474.0,Scheduled - Deadline Met,Yes,Yes,3600.6223645210266,60.01037274201711,9,63.0,Gurobi Status: 9
F2,P2_3,8,100000,150000,1163,100096.0,101259.0,1259.0,Scheduled - Deadline Met,Yes,Yes,3600.6223645210266,60.01037274201711,9,63.0,Gurobi Status: 9
F2,P2_4,3,150000,200000,1163,176519.0,177682.0,27682.0,Scheduled - Deadline Met,Yes,Yes,3600.6223645210266,60.01037274201711,9,63.0,Gurobi Status: 9
F2,P2_5,3,200000,250000,1163,235748.0,236911.0,36911.0,Scheduled - Deadline Met,Yes,Yes,3600.6223645210266,60.01037274201711,9,63.0,Gurobi Status: 9
F2,P2_6,8,250000,300000,1163,294932.0,296095.0,46095.0,Scheduled - Deadline Met,Yes,Yes,3600.6223645210266,60.01037274201711,9,63.0,Gurobi Status: 9
F2,P2_7,3,300000,350000,1163,321942.0,323105.0,23105.0,Scheduled - Deadline Met,Yes,Yes,3600.6223645210266,60.01037274201711,9,63.0,Gurobi Status: 9
F2,P2_8,3,350000,400000,1163,394618.0,395781.0,45781.0,Scheduled - Deadline Met,Yes,Yes,3600.6223645210266,60.01037274201711,9,63.0,Gurobi Status: 9
F2,P2_9,8,400000,450000,1163,,,,Optional Packets- Not Scheduled,No,N/A,3600.6223645210266,60.01037274201711,9,63.0,Gurobi Status: 9
F2,P2_10,3,450000,500000,1163,466509.0,467672.0,17672.0,Scheduled - Deadline Met,Yes,Yes,3600.6223645210266,60.01037274201711,9,63.0,Gurobi Status: 9
F2,P2_11,3,500000,550000,1163,523194.0,524357.0,24357.0,Scheduled - Deadline Met,Yes,Yes,3600.6223645210266,60.01037274201711,9,63.0,Gurobi Status: 9
F2,P2_12,8,550000,600000,1163,598741.0,599904.0,49904.0,Scheduled - Deadline Met,Yes,Yes,3600.6223645210266,60.01037274201711,9,63.0,Gurobi Status: 9
F2,P2_13,3,600000,650000,1163,636097.0,637260.0,37260.0,Scheduled - Deadline Met,Yes,Yes,3600.6223645210266,60.01037274201711,9,63.0,Gurobi Status: 9
F2,P2_14,3,650000,700000,1163,676720.0,677883.0,27883.0,Scheduled - Deadline Met,Yes,Yes,3600.6223645210266,60.01037274201711,9,63.0,Gurobi Status: 9
F2,P2_15,8,700000,750000,1163,731004.0,732167.0,32167.0,Scheduled - Deadline Met,Yes,Yes,3600.6223645210266,60.01037274201711,9,63.0,Gurobi Status: 9
F2,P2_16,3,750000,800000,1163,753941.0,755104.0,5104.0,Scheduled - Deadline Met,Yes,Yes,3600.6223645210266,60.01037274201711,9,63.0,Gurobi Status: 9
F2,P2_17,3,800000,850000,1163,818678.0,819841.0,19841.0,Scheduled - Deadline Met,Yes,Yes,3600.6223645210266,60.01037274201711,9,63.0,Gurobi Status: 9
F2,P2_18,8,850000,900000,1163,898837.0,900000.0,50000.0,Scheduled - Deadline Met,Yes,Yes,3600.6223645210266,60.01037274201711,9,63.0,Gurobi Status: 9
F2,P2_19,3,900000,950000,1163,921586.0,922749.0,22749.0,Scheduled - Deadline Met,Yes,Yes,3600.6223645210266,60.01037274201711,9,63.0,Gurobi Status: 9
F2,P2_20,3,950000,1000000,1163,979670.0,980833.0,30833.0,Scheduled - Deadline Met,Yes,Yes,3600.6223645210266,60.01037274201711,9,63.0,Gurobi Status: 9
F2,P2_21,8,1000000,1050000,1163,1000035.0,1001198.0,1198.0,Scheduled - Deadline Met,Yes,Yes,3600.6223645210266,60.01037274201711,9,63.0,Gurobi Status: 9
F2,P2_22,3,1050000,1100000,1163,1064945.0,1066108.0,16108.0,Scheduled - Deadline Met,Yes,Yes,3600.6223645210266,60.01037274201711,9,63.0,Gurobi Status: 9
F2,P2_23,3,1100000,1150000,1163,1114417.0,1115580.0,15580.0,Scheduled - Deadline Met,Yes,Yes,3600.6223645210266,60.01037274201711,9,63.0,Gurobi Status: 9
F2,P2_24,8,1150000,1200000,1163,1163452.0,1164615.0,14615.0,Scheduled - Deadline Met,Yes,Yes,3600.6223645210266,60.01037274201711,9,63.0,Gurobi Status: 9
F20,P20_1,6,0,400000,1513,349837.0,351350.0,351350.0,Scheduled - Deadline Met,Yes,Yes,3600.6223645210266,60.01037274201711,9,63.0,Gurobi Status: 9
F20,P20_2,6,400000,800000,1513,722004.0,723517.0,323517.0,Scheduled - Deadline Met,Yes,Yes,3600.6223645210266,60.01037274201711,9,63.0,Gurobi Status: 9
F20,P20_3,8,800000,1200000,1513,892189.0,893702.0,93702.0,Scheduled - Deadline Met,Yes,Yes,3600.6223645210266,60.01037274201711,9,63.0,Gurobi Status: 9
F21,P21_1,3,0,100000,4423,44434.0,48857.0,48857.0,Scheduled - Deadline Met,Yes,Yes,3600.6223645210266,60.01037274201711,9,63.0,Gurobi Status: 9
F21,P21_2,3,100000,200000,4423,149366.0,153789.0,53789.0,Scheduled - Deadline Met,Yes,Yes,3600.6223645210266,60.01037274201711,9,63.0,Gurobi Status: 9
F21,P21_3,8,200000,300000,4423,271744.0,276167.0,76167.0,Scheduled - Deadline Met,Yes,Yes,3600.6223645210266,60.01037274201711,9,63.0,Gurobi Status: 9
F21,P21_4,3,300000,400000,4423,370877.0,375300.0,75300.0,Scheduled - Deadline Met,Yes,Yes,3600.6223645210266,60.01037274201711,9,63.0,Gurobi Status: 9
F21,P21_5,3,400000,500000,4423,405070.0,409493.0,9493.0,Scheduled - Deadline Met,Yes,Yes,3600.6223645210266,60.01037274201711,9,63.0,Gurobi Status: 9
F21,P21_6,8,500000,600000,4423,594222.0,598645.0,98645.0,Scheduled - Deadline Met,Yes,Yes,3600.6223645210266,60.01037274201711,9,63.0,Gurobi Status: 9
F21,P21_7,3,600000,700000,4423,656905.0,661328.0,61328.0,Scheduled - Deadline Met,Yes,Yes,3600.6223645210266,60.01037274201711,9,63.0,Gurobi Status: 9
F21,P21_8,3,700000,800000,4423,749422.0,753845.0,53845.0,Scheduled - Deadline Met,Yes,Yes,3600.6223645210266,60.01037274201711,9,63.0,Gurobi Status: 9
F21,P21_9,8,800000,900000,4423,,,,Optional Packets- Not Scheduled,No,N/A,3600.6223645210266,60.01037274201711,9,63.0,Gurobi Status: 9
F21,P21_10,3,900000,1000000,4423,953003.0,957426.0,57426.0,Scheduled - Deadline Met,Yes,Yes,3600.6223645210266,60.01037274201711,9,63.0,Gurobi Status: 9
F21,P21_11,3,1000000,1100000,4423,1033261.0,1037684.0,37684.0,Scheduled - Deadline Met,Yes,Yes,3600.6223645210266,60.01037274201711,9,63.0,Gurobi Status: 9
F21,P21_12,8,1100000,1200000,4423,1158933.0,1163356.0,63356.0,Scheduled - Deadline Met,Yes,Yes,3600.6223645210266,60.01037274201711,9,63.0,Gurobi Status: 9
F22,P22_1,1,0,400000,5425,76043.0,81468.0,81468.0,Scheduled - Deadline Met,Yes,Yes,3600.6223645210266,60.01037274201711,9,63.0,Gurobi Status: 9
F22,P22_2,8,400000,800000,5425,,,,Optional Packets- Not Scheduled,No,N/A,3600.6223645210266,60.01037274201711,9,63.0,Gurobi Status: 9
F22,P22_3,1,800000,1200000,5425,870149.0,875574.0,75574.0,Scheduled - Deadline Met,Yes,Yes,3600.6223645210266,60.01037274201711,9,63.0,Gurobi Status: 9
F23,P23_1,3,0,400000,1706,61199.0,62905.0,62905.0,Scheduled - Deadline Met,Yes,Yes,3600.6223645210266,60.01037274201711,9,63.0,Gurobi Status: 9
F23,P23_2,8,400000,800000,1706,,,,Optional Packets- Not Scheduled,No,N/A,3600.6223645210266,60.01037274201711,9,63.0,Gurobi Status: 9
F23,P23_3,3,800000,1200000,1706,875670.0,877376.0,77376.0,Scheduled - Deadline Met,Yes,Yes,3600.6223645210266,60.01037274201711,9,63.0,Gurobi Status: 9
F24,P24_1,8,0,400000,6763,,,,Optional Packets- Not Scheduled,No,N/A,3600.6223645210266,60.01037274201711,9,63.0,Gurobi Status: 9
F24,P24_2,2,400000,800000,6763,449174.0,455937.0,55937.0,Scheduled - Deadline Met,Yes,Yes,3600.6223645210266,60.01037274201711,9,63.0,Gurobi Status: 9
F24,P24_3,2,800000,1200000,6763,946240.0,953003.0,153003.0,Scheduled - Deadline Met,Yes,Yes,3600.6223645210266,60.01037274201711,9,63.0,Gurobi Status: 9
F25,P25_1,5,0,200000,9066,133167.0,142233.0,142233.0,Scheduled - Deadline Met,Yes,Yes,3600.6223645210266,60.01037274201711,9,63.0,Gurobi Status: 9
F25,P25_2,8,200000,400000,9066,276263.0,285329.0,85329.0,Scheduled - Deadline Met,Yes,Yes,3600.6223645210266,60.01037274201711,9,63.0,Gurobi Status: 9
F25,P25_3,5,400000,600000,9066,499580.0,508646.0,108646.0,Scheduled - Deadline Met,Yes,Yes,3600.6223645210266,60.01037274201711,9,63.0,Gurobi Status: 9
F25,P25_4,5,600000,800000,9066,712842.0,721908.0,121908.0,Scheduled - Deadline Met,Yes,Yes,3600.6223645210266,60.01037274201711,9,63.0,Gurobi Status: 9
F25,P25_5,8,800000,1000000,9066,,,,Optional Packets- Not Scheduled,No,N/A,3600.6223645210266,60.01037274201711,9,63.0,Gurobi Status: 9
F25,P25_6,5,1000000,1200000,9066,1128175.0,1137241.0,137241.0,Scheduled - Deadline Met,Yes,Yes,3600.6223645210266,60.01037274201711,9,63.0,Gurobi Status: 9
F26,P26_1,8,0,200000,6733,,,,Optional Packets- Not Scheduled,No,N/A,3600.6223645210266,60.01037274201711,9,63.0,Gurobi Status: 9
F26,P26_2,5,200000,400000,6733,309674.0,316407.0,116407.0,Scheduled - Deadline Met,Yes,Yes,3600.6223645210266,60.01037274201711,9,63.0,Gurobi Status: 9
F26,P26_3,5,400000,600000,6733,544769.0,551502.0,151502.0,Scheduled - Deadline Met,Yes,Yes,3600.6223645210266,60.01037274201711,9,63.0,Gurobi Status: 9
F26,P26_4,8,600000,800000,6733,618340.0,625073.0,25073.0,Scheduled - Deadline Met,Yes,Yes,3600.6223645210266,60.01037274201711,9,63.0,Gurobi Status: 9
F26,P26_5,5,800000,1000000,6733,939411.0,946144.0,146144.0,Scheduled - Deadline Met,Yes,Yes,3600.6223645210266,60.01037274201711,9,63.0,Gurobi Status: 9
F26,P26_6,5,1000000,1200000,6733,1178382.0,1185115.0,185115.0,Scheduled - Deadline Met,Yes,Yes,3600.6223645210266,60.01037274201711,9,63.0,Gurobi Status: 9
F27,P27_1,8,0,400000,8317,,,,Optional Packets- Not Scheduled,No,N/A,3600.6223645210266,60.01037274201711,9,63.0,Gurobi Status: 9
F27,P27_2,5,400000,800000,8317,570237.0,578554.0,178554.0,Scheduled - Deadline Met,Yes,Yes,3600.6223645210266,60.01037274201711,9,63.0,Gurobi Status: 9
F27,P27_3,5,800000,1200000,8317,957426.0,965743.0,165743.0,Scheduled - Deadline Met,Yes,Yes,3600.6223645210266,60.01037274201711,9,63.0,Gurobi Status: 9
F28,P28_1,2,0,400000,757,251078.0,251835.0,251835.0,Scheduled - Deadline Met,Yes,Yes,3600.6223645210266,60.01037274201711,9,63.0,Gurobi Status: 9
F28,P28_2,2,400000,800000,757,563821.0,564578.0,164578.0,Scheduled - Deadline Met,Yes,Yes,3600.6223645210266,60.01037274201711,9,63.0,Gurobi Status: 9
F28,P28_3,8,800000,1200000,757,,,,Optional Packets- Not Scheduled,No,N/A,3600.6223645210266,60.01037274201711,9,63.0,Gurobi Status: 9
F29,P29_1,6,0,400000,2459,307119.0,309578.0,309578.0,Scheduled - Deadline Met,Yes,Yes,3600.6223645210266,60.01037274201711,9,63.0,Gurobi Status: 9
F29,P29_2,6,400000,800000,2459,678338.0,680797.0,280797.0,Scheduled - Deadline Met,Yes,Yes,3600.6223645210266,60.01037274201711,9,63.0,Gurobi Status: 9
F29,P29_3,8,800000,1200000,2459,889634.0,892093.0,92093.0,Scheduled - Deadline Met,Yes,Yes,3600.6223645210266,60.01037274201711,9,63.0,Gurobi Status: 9
F3,P3_1,7,0,400000,600,185849.0,186449.0,186449.0,Scheduled - Deadline Met,Yes,Yes,3600.6223645210266,60.01037274201711,9,63.0,Gurobi Status: 9
F3,P3_2,7,400000,800000,600,569541.0,570141.0,170141.0,Scheduled - Deadline Met,Yes,Yes,3600.6223645210266,60.01037274201711,9,63.0,Gurobi Status: 9
F3,P3_3,8,800000,1200000,600,898141.0,898741.0,98741.0,Scheduled - Deadline Met,Yes,Yes,3600.6223645210266,60.01037274201711,9,63.0,Gurobi Status: 9
F30,P30_1,3,0,200000,1030,48953.0,49983.0,49983.0,Scheduled - Deadline Met,Yes,Yes,3600.6223645210266,60.01037274201711,9,63.0,Gurobi Status: 9
F30,P30_2,8,200000,400000,1030,293806.0,294836.0,94836.0,Scheduled - Deadline Met,Yes,Yes,3600.6223645210266,60.01037274201711,9,63.0,Gurobi Status: 9
F30,P30_3,3,400000,600000,1030,419458.0,420488.0,20488.0,Scheduled - Deadline Met,Yes,Yes,3600.6223645210266,60.01037274201711,9,63.0,Gurobi Status: 9
F30,P30_4,3,600000,800000,1030,669805.0,670835.0,70835.0,Scheduled - Deadline Met,Yes,Yes,3600.6223645210266,60.01037274201711,9,63.0,Gurobi Status: 9
F30,P30_5,8,800000,1000000,1030,888508.0,889538.0,89538.0,Scheduled - Deadline Met,Yes,Yes,3600.6223645210266,60.01037274201711,9,63.0,Gurobi Status: 9
F30,P30_6,3,1000000,1200000,1030,1063819.0,1064849.0,64849.0,Scheduled - Deadline Met,Yes,Yes,3600.6223645210266,60.01037274201711,9,63.0,Gurobi Status: 9
F31,P31_1,2,0,400000,873,230544.0,231417.0,231417.0,Scheduled - Deadline Met,Yes,Yes,3600.6223645210266,60.01037274201711,9,63.0,Gurobi Status: 9
F31,P31_2,2,400000,800000,873,522321.0,523194.0,123194.0,Scheduled - Deadline Met,Yes,Yes,3600.6223645210266,60.01037274201711,9,63.0,Gurobi Status: 9
F31,P31_3,8,800000,1200000,873,896006.0,896879.0,96879.0,Scheduled - Deadline Met,Yes,Yes,3600.6223645210266,60.01037274201711,9,63.0,Gurobi Status: 9
F32,P32_1,8,0,400000,6787,,,,Optional Packets- Not Scheduled,No,N/A,3600.6223645210266,60.01037274201711,9,63.0,Gurobi Status: 9
F32,P32_2,7,400000,800000,6787,537886.0,544673.0,144673.0,Scheduled - Deadline Met,Yes,Yes,3600.6223645210266,60.01037274201711,9,63.0,Gurobi Status: 9
F32,P32_3,7,800000,1200000,6787,1026474.0,1033261.0,233261.0,Scheduled - Deadline Met,Yes,Yes,3600.6223645210266,60.01037274201711,9,63.0,Gurobi Status: 9
F33,P33_1,8,0,200000,5650,,,,Optional Packets- Not Scheduled,No,N/A,3600.6223645210266,60.01037274201711,9,63.0,Gurobi Status: 9
F33,P33_2,3,200000,400000,5650,253485.0,259135.0,59135.0,Scheduled - Deadline Met,Yes,Yes,3600.6223645210266,60.01037274201711,9,63.0,Gurobi Status: 9
F33,P33_3,3,400000,600000,5650,409589.0,415239.0,15239.0,Scheduled - Deadline Met,Yes,Yes,3600.6223645210266,60.01037274201711,9,63.0,Gurobi Status: 9
F33,P33_4,8,600000,800000,5650,684920.0,690570.0,90570.0,Scheduled - Deadline Met,Yes,Yes,3600.6223645210266,60.01037274201711,9,63.0,Gurobi Status: 9
F33,P33_5,3,800000,1000000,5650,830348.0,835998.0,35998.0,Scheduled - Deadline Met,Yes,Yes,3600.6223645210266,60.01037274201711,9,63.0,Gurobi Status: 9
F33,P33_6,3,1000000,1200000,5650,1042287.0,1047937.0,47937.0,Scheduled - Deadline Met,Yes,Yes,3600.6223645210266,60.01037274201711,9,63.0,Gurobi Status: 9
F34,P34_1,2,0,400000,5569,127502.0,133071.0,133071.0,Scheduled - Deadline Met,Yes,Yes,3600.6223645210266,60.01037274201711,9,63.0,Gurobi Status: 9
F34,P34_2,8,400000,800000,5569,,,,Optional Packets- Not Scheduled,No,N/A,3600.6223645210266,60.01037274201711,9,63.0,Gurobi Status: 9
F34,P34_3,2,800000,1200000,5569,969770.0,975339.0,175339.0,Scheduled - Deadline Met,Yes,Yes,3600.6223645210266,60.01037274201711,9,63.0,Gurobi Status: 9
F35,P35_1,7,0,400000,3665,119810.0,123475.0,123475.0,Scheduled - Deadline Met,Yes,Yes,3600.6223645210266,60.01037274201711,9,63.0,Gurobi Status: 9
F35,P35_2,8,400000,800000,3665,,,,Optional Packets- Not Scheduled,No,N/A,3600.6223645210266,60.01037274201711,9,63.0,Gurobi Status: 9
F35,P35_3,7,800000,1200000,3665,1105217.0,1108882.0,308882.0,Scheduled - Deadline Met,Yes,Yes,3600.6223645210266,60.01037274201711,9,63.0,Gurobi Status: 9
F36,P36_1,2,0,100000,2350,0.0,2350.0,2350.0,Scheduled - Deadline Met,Yes,Yes,3600.6223645210266,60.01037274201711,9,63.0,Gurobi Status: 9
F36,P36_2,8,100000,200000,2350,189100.0,191450.0,91450.0,Scheduled - Deadline Met,Yes,Yes,3600.6223645210266,60.01037274201711,9,63.0,Gurobi Status: 9
F36,P36_3,2,200000,300000,2350,259327.0,261677.0,61677.0,Scheduled - Deadline Met,Yes,Yes,3600.6223645210266,60.01037274201711,9,63.0,Gurobi Status: 9
F36,P36_4,2,300000,400000,2350,375396.0,377746.0,77746.0,Scheduled - Deadline Met,Yes,Yes,3600.6223645210266,60.01037274201711,9,63.0,Gurobi Status: 9
F36,P36_5,8,400000,500000,2350,,,,Optional Packets- Not Scheduled,No,N/A,3600.6223645210266,60.01037274201711,9,63.0,Gurobi Status: 9
F36,P36_6,2,500000,600000,2350,587008.0,589358.0,89358.0,Scheduled - Deadline Met,Yes,Yes,3600.6223645210266,60.01037274201711,9,63.0,Gurobi Status: 9
F36,P36_7,2,600000,700000,2350,646932.0,649282.0,49282.0,Scheduled - Deadline Met,Yes,Yes,3600.6223645210266,60.01037274201711,9,63.0,Gurobi Status: 9
F36,P36_8,8,700000,800000,2350,763466.0,765816.0,65816.0,Scheduled - Deadline Met,Yes,Yes,3600.6223645210266,60.01037274201711,9,63.0,Gurobi Status: 9
F36,P36_9,2,800000,900000,2350,800000.0,802350.0,2350.0,Scheduled - Deadline Met,Yes,Yes,3600.6223645210266,60.01037274201711,9,63.0,Gurobi Status: 9
F36,P36_10,2,900000,1000000,2350,990011.0,992361.0,92361.0,Scheduled - Deadline Met,Yes,Yes,3600.6223645210266,60.01037274201711,9,63.0,Gurobi Status: 9
F36,P36_11,8,1000000,1100000,2350,1068672.0,1071022.0,71022.0,Scheduled - Deadline Met,Yes,Yes,3600.6223645210266,60.01037274201711,9,63.0,Gurobi Status: 9
F36,P36_12,2,1100000,1200000,2350,1197650.0,1200000.0,100000.0,Scheduled - Deadline Met,Yes,Yes,3600.6223645210266,60.01037274201711,9,63.0,Gurobi Status: 9
F37,P37_1,5,0,400000,1315,186545.0,187860.0,187860.0,Scheduled - Deadline Met,Yes,Yes,3600.6223645210266,60.01037274201711,9,63.0,Gurobi Status: 9
F37,P37_2,8,400000,800000,1315,,,,Optional Packets- Not Scheduled,No,N/A,3600.6223645210266,60.01037274201711,9,63.0,Gurobi Status: 9
F37,P37_3,5,800000,1200000,1315,986132.0,987447.0,187447.0,Scheduled - Deadline Met,Yes,Yes,3600.6223645210266,60.01037274201711,9,63.0,Gurobi Status: 9
F38,P38_1,7,0,400000,1122,165784.0,166906.0,166906.0,Scheduled - Deadline Met,Yes,Yes,3600.6223645210266,60.01037274201711,9,63.0,Gurobi Status: 9
F38,P38_2,7,400000,800000,1122,551598.0,552720.0,152720.0,Scheduled - Deadline Met,Yes,Yes,3600.6223645210266,60.01037274201711,9,63.0,Gurobi Status: 9
F38,P38_3,8,800000,1200000,1122,893798.0,894920.0,94920.0,Scheduled - Deadline Met,Yes,Yes,3600.6223645210266,60.01037274201711,9,63.0,Gurobi Status: 9
F39,P39_1,5,0,100000,2372,73047.0,75419.0,75419.0,Scheduled - Deadline Met,Yes,Yes,3600.6223645210266,60.01037274201711,9,63.0,Gurobi Status: 9
F39,P39_2,8,100000,200000,2372,106414.0,108786.0,8786.0,Scheduled - Deadline Met,Yes,Yes,3600.6223645210266,60.01037274201711,9,63.0,Gurobi Status: 9
F39,P39_3,5,200000,300000,2372,224049.0,226421.0,26421.0,Scheduled - Deadline Met,Yes,Yes,3600.6223645210266,60.01037274201711,9,63.0,Gurobi Status: 9
F39,P39_4,5,300000,400000,2372,347369.0,349741.0,49741.0,Scheduled - Deadline Met,Yes,Yes,3600.6223645210266,60.01037274201711,9,63.0,Gurobi Status: 9
F39,P39_5,8,400000,500000,2372,,,,Optional Packets- Not Scheduled,No,N/A,3600.6223645210266,60.01037274201711,9,63.0,Gurobi Status: 9
F39,P39_6,5,500000,600000,2372,590193.0,592565.0,92565.0,Scheduled - Deadline Met,Yes,Yes,3600.6223645210266,60.01037274201711,9,63.0,Gurobi Status: 9
F39,P39_7,5,600000,700000,2372,649378.0,651750.0,51750.0,Scheduled - Deadline Met,Yes,Yes,3600.6223645210266,60.01037274201711,9,63.0,Gurobi Status: 9
F39,P39_8,8,700000,800000,2372,760998.0,763370.0,63370.0,Scheduled - Deadline Met,Yes,Yes,3600.6223645210266,60.01037274201711,9,63.0,Gurobi Status: 9
F39,P39_9,5,800000,900000,2372,819937.0,822309.0,22309.0,Scheduled - Deadline Met,Yes,Yes,3600.6223645210266,60.01037274201711,9,63.0,Gurobi Status: 9
F39,P39_10,5,900000,1000000,2372,987543.0,989915.0,89915.0,Scheduled - Deadline Met,Yes,Yes,3600.6223645210266,60.01037274201711,9,63.0,Gurobi Status: 9
F39,P39_11,8,1000000,1100000,2372,1066204.0,1068576.0,68576.0,Scheduled - Deadline Met,Yes,Yes,3600.6223645210266,60.01037274201711,9,63.0,Gurobi Status: 9
F39,P39_12,5,1100000,1200000,2372,1185211.0,1187583.0,87583.0,Scheduled - Deadline Met,Yes,Yes,3600.6223645210266,60.01037274201711,9,63.0,Gurobi Status: 9
F4,P4_1,1,0,400000,1747,81564.0,83311.0,83311.0,Scheduled - Deadline Met,Yes,Yes,3600.6223645210266,60.01037274201711,9,63.0,Gurobi Status: 9
F4,P4_2,8,400000,800000,1747,,,,Optional Packets- Not Scheduled,No,N/A,3600.6223645210266,60.01037274201711,9,63.0,Gurobi Status: 9
F4,P4_3,1,800000,1200000,1747,881803.0,883550.0,83550.0,Scheduled - Deadline Met,Yes,Yes,3600.6223645210266,60.01037274201711,9,63.0,Gurobi Status: 9
F40,P40_1,8,0,200000,5439,93392.0,98831.0,98831.0,Scheduled - Deadline Met,Yes,Yes,3600.6223645210266,60.01037274201711,9,63.0,Gurobi Status: 9
F40,P40_2,2,200000,400000,5439,316503.0,321942.0,121942.0,Scheduled - Deadline Met,Yes,Yes,3600.6223645210266,60.01037274201711,9,63.0,Gurobi Status: 9
F40,P40_3,2,400000,600000,5439,420584.0,426023.0,26023.0,Scheduled - Deadline Met,Yes,Yes,3600.6223645210266,60.01037274201711,9,63.0,Gurobi Status: 9
F40,P40_4,8,600000,800000,5439,690666.0,696105.0,96105.0,Scheduled - Deadline Met,Yes,Yes,3600.6223645210266,60.01037274201711,9,63.0,Gurobi Status: 9
F40,P40_5,2,800000,1000000,5439,864614.0,870053.0,70053.0,Scheduled - Deadline Met,Yes,Yes,3600.6223645210266,60.01037274201711,9,63.0,Gurobi Status: 9
F40,P40_6,2,1000000,1200000,5439,1108978.0,1114417.0,114417.0,Scheduled - Deadline Met,Yes,Yes,3600.6223645210266,60.01037274201711,9,63.0,Gurobi Status: 9
F41,P41_1,3,0,100000,4963,23216.0,28179.0,28179.0,Scheduled - Deadline Met,Yes,Yes,3600.6223645210266,60.01037274201711,9,63.0,Gurobi Status: 9
F41,P41_2,8,100000,200000,4963,101355.0,106318.0,6318.0,Scheduled - Deadline Met,Yes,Yes,3600.6223645210266,60.01037274201711,9,63.0,Gurobi Status: 9
F41,P41_3,3,200000,300000,4963,246115.0,251078.0,51078.0,Scheduled - Deadline Met,Yes,Yes,3600.6223645210266,60.01037274201711,9,63.0,Gurobi Status: 9
F41,P41_4,3,300000,400000,4963,360283.0,365246.0,65246.0,Scheduled - Deadline Met,Yes,Yes,3600.6223645210266,60.01037274201711,9,63.0,Gurobi Status: 9
F41,P41_5,8,400000,500000,4963,,,,Optional Packets- Not Scheduled,No,N/A,3600.6223645210266,60.01037274201711,9,63.0,Gurobi Status: 9
F41,P41_6,3,500000,600000,4963,564578.0,569541.0,69541.0,Scheduled - Deadline Met,Yes,Yes,3600.6223645210266,60.01037274201711,9,63.0,Gurobi Status: 9
F41,P41_7,3,600000,700000,4963,651846.0,656809.0,56809.0,Scheduled - Deadline Met,Yes,Yes,3600.6223645210266,60.01037274201711,9,63.0,Gurobi Status: 9
F41,P41_8,8,700000,800000,4963,755939.0,760902.0,60902.0,Scheduled - Deadline Met,Yes,Yes,3600.6223645210266,60.01037274201711,9,63.0,Gurobi Status: 9
F41,P41_9,3,800000,900000,4963,825289.0,830252.0,30252.0,Scheduled - Deadline Met,Yes,Yes,3600.6223645210266,60.01037274201711,9,63.0,Gurobi Status: 9
F41,P41_10,3,900000,1000000,4963,932421.0,937384.0,37384.0,Scheduled - Deadline Met,Yes,Yes,3600.6223645210266,60.01037274201711,9,63.0,Gurobi Status: 9
F41,P41_11,8,1000000,1100000,4963,1001294.0,1006257.0,6257.0,Scheduled - Deadline Met,Yes,Yes,3600.6223645210266,60.01037274201711,9,63.0,Gurobi Status: 9
F41,P41_12,3,1100000,1200000,4963,1138667.0,1143630.0,43630.0,Scheduled - Deadline Met,Yes,Yes,3600.6223645210266,60.01037274201711,9,63.0,Gurobi Status: 9
F42,P42_1,8,0,400000,10417,,,,Optional Packets- Not Scheduled,No,N/A,3600.6223645210266,60.01037274201711,9,63.0,Gurobi Status: 9
F42,P42_2,1,400000,800000,10417,485426.0,495843.0,95843.0,Scheduled - Deadline Met,Yes,Yes,3600.6223645210266,60.01037274201711,9,63.0,Gurobi Status: 9
F42,P42_3,1,800000,1200000,10417,847348.0,857765.0,57765.0,Scheduled - Deadline Met,Yes,Yes,3600.6223645210266,60.01037274201711,9,63.0,Gurobi Status: 9
F43,P43_1,6,0,400000,3825,88693.0,92518.0,92518.0,Scheduled - Deadline Met,Yes,Yes,3600.6223645210266,60.01037274201711,9,63.0,Gurobi Status: 9
F43,P43_2,8,400000,800000,3825,,,,Optional Packets- Not Scheduled,No,N/A,3600.6223645210266,60.01037274201711,9,63.0,Gurobi Status: 9
F43,P43_3,6,800000,1200000,3825,1037684.0,1041509.0,241509.0,Scheduled - Deadline Met,Yes,Yes,3600.6223645210266,60.01037274201711,9,63.0,Gurobi Status: 9
F44,P44_1,4,0,400000,760,182981.0,183741.0,183741.0,Scheduled - Deadline Met,Yes,Yes,3600.6223645210266,60.01037274201711,9,63.0,Gurobi Status: 9
F44,P44_2,4,400000,800000,760,468411.0,469171.0,69171.0,Scheduled - Deadline Met,Yes,Yes,3600.6223645210266,60.01037274201711,9,63.0,Gurobi Status: 9
F44,P44_3,8,800000,1200000,760,896975.0,897735.0,97735.0,Scheduled - Deadline Met,Yes,Yes,3600.6223645210266,60.01037274201711,9,63.0,Gurobi Status: 9
F45,P45_1,5,0,400000,10909,153789.0,164698.0,164698.0,Scheduled - Deadline Met,Yes,Yes,3600.6223645210266,60.01037274201711,9,63.0,Gurobi Status: 9
F45,P45_2,5,400000,800000,10909,552816.0,563725.0,163725.0,Scheduled - Deadline Met,Yes,Yes,3600.6223645210266,60.01037274201711,9,63.0,Gurobi Status: 9
F45,P45_3,8,800000,1200000,10909,,,,Optional Packets- Not Scheduled,No,N/A,3600.6223645210266,60.01037274201711,9,63.0,Gurobi Status: 9
F46,P46_1,8,0,200000,7682,,,,Optional Packets- Not Scheduled,No,N/A,3600.6223645210266,60.01037274201711,9,63.0,Gurobi Status: 9
F46,P46_2,1,200000,400000,7682,238337.0,246019.0,46019.0,Scheduled - Deadline Met,Yes,Yes,3600.6223645210266,60.01037274201711,9,63.0,Gurobi Status: 9
F46,P46_3,1,400000,600000,7682,477648.0,485330.0,85330.0,Scheduled - Deadline Met,Yes,Yes,3600.6223645210266,60.01037274201711,9,63.0,Gurobi Status: 9
F46,P46_4,8,600000,800000,7682,610562.0,618244.0,18244.0,Scheduled - Deadline Met,Yes,Yes,3600.6223645210266,60.01037274201711,9,63.0,Gurobi Status: 9
F46,P46_5,1,800000,1000000,7682,806569.0,814251.0,14251.0,Scheduled - Deadline Met,Yes,Yes,3600.6223645210266,60.01037274201711,9,63.0,Gurobi Status: 9
F46,P46_6,1,1000000,1200000,7682,1116370.0,1124052.0,124052.0,Scheduled - Deadline Met,Yes,Yes,3600.6223645210266,60.01037274201711,9,63.0,Gurobi Status: 9
F47,P47_1,5,0,400000,5203,177682.0,182885.0,182885.0,Scheduled - Deadline Met,Yes,Yes,3600.6223645210266,60.01037274201711,9,63.0,Gurobi Status: 9
F47,P47_2,8,400000,800000,5203,,,,Optional Packets- Not Scheduled,No,N/A,3600.6223645210266,60.01037274201711,9,63.0,Gurobi Status: 9
F47,P47_3,5,800000,1200000,5203,980833.0,986036.0,186036.0,Scheduled - Deadline Met,Yes,Yes,3600.6223645210266,60.01037274201711,9,63.0,Gurobi Status: 9
F48,P48_1,1,0,200000,8285,13281.0,21566.0,21566.0,Scheduled - Deadline Met,Yes,Yes,3600.6223645210266,60.01037274201711,9,63.0,Gurobi Status: 9
F48,P48_2,8,200000,400000,8285,285425.0,293710.0,93710.0,Scheduled - Deadline Met,Yes,Yes,3600.6223645210266,60.01037274201711,9,63.0,Gurobi Status: 9
F48,P48_3,1,400000,600000,8285,469267.0,477552.0,77552.0,Scheduled - Deadline Met,Yes,Yes,3600.6223645210266,60.01037274201711,9,63.0,Gurobi Status: 9
F48,P48_4,1,600000,800000,8285,661424.0,669709.0,69709.0,Scheduled - Deadline Met,Yes,Yes,3600.6223645210266,60.01037274201711,9,63.0,Gurobi Status: 9
F48,P48_5,8,800000,1000000,8285,,,,Optional Packets- Not Scheduled,No,N/A,3600.6223645210266,60.01037274201711,9,63.0,Gurobi Status: 9
F48,P48_6,1,1000000,1200000,8285,1092697.0,1100982.0,100982.0,Scheduled - Deadline Met,Yes,Yes,3600.6223645210266,60.01037274201711,9,63.0,Gurobi Status: 9
F5,P5_1,1,0,400000,6657,37681.0,44338.0,44338.0,Scheduled - Deadline Met,Yes,Yes,3600.6223645210266,60.01037274201711,9,63.0,Gurobi Status: 9
F5,P5_2,8,400000,800000,6657,,,,Optional Packets- Not Scheduled,No,N/A,3600.6223645210266,60.01037274201711,9,63.0,Gurobi Status: 9
F5,P5_3,1,800000,1200000,6657,857861.0,864518.0,64518.0,Scheduled - Deadline Met,Yes,Yes,3600.6223645210266,60.01037274201711,9,63.0,Gurobi Status: 9
F6,P6_1,8,0,50000,4027,,,,Optional Packets- Not Scheduled,No,N/A,3600.6223645210266,60.01037274201711,9,63.0,Gurobi Status: 9
F6,P6_2,1,50000,100000,4027,84570.0,88597.0,38597.0,Scheduled - Deadline Met,Yes,Yes,3600.6223645210266,60.01037274201711,9,63.0,Gurobi Status: 9
F6,P6_3,1,100000,150000,4027,123475.0,127502.0,27502.0,Scheduled - Deadline Met,Yes,Yes,3600.6223645210266,60.01037274201711,9,63.0,Gurobi Status: 9
F6,P6_4,8,150000,200000,4027,195877.0,199904.0,49904.0,Scheduled - Deadline Met,Yes,Yes,3600.6223645210266,60.01037274201711,9,63.0,Gurobi Status: 9
F6,P6_5,1,200000,250000,4027,226517.0,230544.0,30544.0,Scheduled - Deadline Met,Yes,Yes,3600.6223645210266,60.01037274201711,9,63.0,Gurobi Status: 9
F6,P6_6,1,250000,300000,4027,261773.0,265800.0,15800.0,Scheduled - Deadline Met,Yes,Yes,3600.6223645210266,60.01037274201711,9,63.0,Gurobi Status: 9
F6,P6_7,8,300000,350000,4027,330249.0,334276.0,34276.0,Scheduled - Deadline Met,Yes,Yes,3600.6223645210266,60.01037274201711,9,63.0,Gurobi Status: 9
F6,P6_8,1,350000,400000,4027,395877.0,399904.0,49904.0,Scheduled - Deadline Met,Yes,Yes,3600.6223645210266,60.01037274201711,9,63.0,Gurobi Status: 9
F6,P6_9,1,400000,450000,4027,415335.0,419362.0,19362.0,Scheduled - Deadline Met,Yes,Yes,3600.6223645210266,60.01037274201711,9,63.0,Gurobi Status: 9
F6,P6_10,8,450000,500000,4027,,,,Optional Packets- Not Scheduled,No,N/A,3600.6223645210266,60.01037274201711,9,63.0,Gurobi Status: 9
F6,P6_11,1,500000,550000,4027,524453.0,528480.0,28480.0,Scheduled - Deadline Met,Yes,Yes,3600.6223645210266,60.01037274201711,9,63.0,Gurobi Status: 9
F6,P6_12,1,550000,600000,4027,582885.0,586912.0,36912.0,Scheduled - Deadline Met,Yes,Yes,3600.6223645210266,60.01037274201711,9,63.0,Gurobi Status: 9
F6,P6_13,8,600000,650000,4027,604331.0,608358.0,8358.0,Scheduled - Deadline Met,Yes,Yes,3600.6223645210266,60.01037274201711,9,63.0,Gurobi Status: 9
F6,P6_14,1,650000,700000,4027,680797.0,684824.0,34824.0,Scheduled - Deadline Met,Yes,Yes,3600.6223645210266,60.01037274201711,9,63.0,Gurobi Status: 9
F6,P6_15,1,700000,750000,4027,743191.0,747218.0,47218.0,Scheduled - Deadline Met,Yes,Yes,3600.6223645210266,60.01037274201711,9,63.0,Gurobi Status: 9
F6,P6_16,8,750000,800000,4027,770243.0,774270.0,24270.0,Scheduled - Deadline Met,Yes,Yes,3600.6223645210266,60.01037274201711,9,63.0,Gurobi Status: 9
F6,P6_17,1,800000,850000,4027,802446.0,806473.0,6473.0,Scheduled - Deadline Met,Yes,Yes,3600.6223645210266,60.01037274201711,9,63.0,Gurobi Status: 9
F6,P6_18,1,850000,900000,4027,883646.0,887673.0,37673.0,Scheduled - Deadline Met,Yes,Yes,3600.6223645210266,60.01037274201711,9,63.0,Gurobi Status: 9
F6,P6_19,8,900000,950000,4027,904427.0,908454.0,8454.0,Scheduled - Deadline Met,Yes,Yes,3600.6223645210266,60.01037274201711,9,63.0,Gurobi Status: 9
F6,P6_20,1,950000,1000000,4027,965743.0,969770.0,19770.0,Scheduled - Deadline Met,Yes,Yes,3600.6223645210266,60.01037274201711,9,63.0,Gurobi Status: 9
F6,P6_21,1,1000000,1050000,4027,1017281.0,1021308.0,21308.0,Scheduled - Deadline Met,Yes,Yes,3600.6223645210266,60.01037274201711,9,63.0,Gurobi Status: 9
F6,P6_22,8,1050000,1100000,4027,1077003.0,1081030.0,31030.0,Scheduled - Deadline Met,Yes,Yes,3600.6223645210266,60.01037274201711,9,63.0,Gurobi Status: 9
F6,P6_23,1,1100000,1150000,4027,1124148.0,1128175.0,28175.0,Scheduled - Deadline Met,Yes,Yes,3600.6223645210266,60.01037274201711,9,63.0,Gurobi Status: 9
F6,P6_24,1,1150000,1200000,4027,1188457.0,1192484.0,42484.0,Scheduled - Deadline Met,Yes,Yes,3600.6223645210266,60.01037274201711,9,63.0,Gurobi Status: 9
F7,P7_1,2,0,400000,3545,220504.0,224049.0,224049.0,Scheduled - Deadline Met,Yes,Yes,3600.6223645210266,60.01037274201711,9,63.0,Gurobi Status: 9
F7,P7_2,2,400000,800000,3545,495939.0,499484.0,99484.0,Scheduled - Deadline Met,Yes,Yes,3600.6223645210266,60.01037274201711,9,63.0,Gurobi Status: 9
F7,P7_3,8,800000,1200000,3545,,,,Optional Packets- Not Scheduled,No,N/A,3600.6223645210266,60.01037274201711,9,63.0,Gurobi Status: 9
F8,P8_1,4,0,400000,1931,146468.0,148399.0,148399.0,Scheduled - Deadline Met,Yes,Yes,3600.6223645210266,60.01037274201711,9,63.0,Gurobi Status: 9
F8,P8_2,8,400000,800000,1931,,,,Optional Packets- Not Scheduled,No,N/A,3600.6223645210266,60.01037274201711,9,63.0,Gurobi Status: 9
F8,P8_3,4,800000,1200000,1931,937384.0,939315.0,139315.0,Scheduled - Deadline Met,Yes,Yes,3600.6223645210266,60.01037274201711,9,63.0,Gurobi Status: 9
F9,P9_1,8,0,100000,1234,,,,Optional Packets- Not Scheduled,No,N/A,3600.6223645210266,60.01037274201711,9,63.0,Gurobi Status: 9
F9,P9_2,4,100000,200000,1234,183837.0,185071.0,85071.0,Scheduled - Deadline Met,Yes,Yes,3600.6223645210266,60.01037274201711,9,63.0,Gurobi Status: 9
F9,P9_3,4,200000,300000,1234,237007.0,238241.0,38241.0,Scheduled - Deadline Met,Yes,Yes,3600.6223645210266,60.01037274201711,9,63.0,Gurobi Status: 9
F9,P9_4,8,300000,400000,1234,334372.0,335606.0,35606.0,Scheduled - Deadline Met,Yes,Yes,3600.6223645210266,60.01037274201711,9,63.0,Gurobi Status: 9
F9,P9_5,4,400000,500000,1234,446854.0,448088.0,48088.0,Scheduled - Deadline Met,Yes,Yes,3600.6223645210266,60.01037274201711,9,63.0,Gurobi Status: 9
F9,P9_6,4,500000,600000,1234,535127.0,536361.0,36361.0,Scheduled - Deadline Met,Yes,Yes,3600.6223645210266,60.01037274201711,9,63.0,Gurobi Status: 9
F9,P9_7,8,600000,700000,1234,608454.0,609688.0,9688.0,Scheduled - Deadline Met,Yes,Yes,3600.6223645210266,60.01037274201711,9,63.0,Gurobi Status: 9
F9,P9_8,4,700000,800000,1234,747314.0,748548.0,48548.0,Scheduled - Deadline Met,Yes,Yes,3600.6223645210266,60.01037274201711,9,63.0,Gurobi Status: 9
F9,P9_9,4,800000,900000,1234,823959.0,825193.0,25193.0,Scheduled - Deadline Met,Yes,Yes,3600.6223645210266,60.01037274201711,9,63.0,Gurobi Status: 9
F9,P9_10,8,900000,1000000,1234,908550.0,909784.0,9784.0,Scheduled - Deadline Met,Yes,Yes,3600.6223645210266,60.01037274201711,9,63.0,Gurobi Status: 9
F9,P9_11,4,1000000,1100000,1234,1048033.0,1049267.0,49267.0,Scheduled - Deadline Met,Yes,Yes,3600.6223645210266,60.01037274201711,9,63.0,Gurobi Status: 9
F9,P9_12,4,1100000,1200000,1234,1137337.0,1138571.0,38571.0,Scheduled - Deadline Met,Yes,Yes,3600.6223645210266,60.01037274201711,9,63.0,Gurobi Status: 9
