Queue,Flow,Packet_ID,Type,Arrival,Deadline,Exec
1,F1,P1_1,M,0,400000,1913
1,F1,P1_2,M,400000,800000,1913
1,F1,P1_3,O,800000,1200000,1913
1,F18,P18_1,O,0,400000,3107
1,F18,P18_2,M,400000,800000,3107
1,F18,P18_3,M,800000,1200000,3107
1,F20,P20_1,O,0,50000,1876
1,F20,P20_2,M,50000,100000,1876
1,F20,P20_3,M,100000,150000,1876
1,F20,P20_4,O,150000,200000,1876
1,F20,P20_5,M,200000,250000,1876
1,F20,P20_6,M,250000,300000,1876
1,F20,P20_7,O,300000,350000,1876
1,F20,P20_8,M,350000,400000,1876
1,F20,P20_9,M,400000,450000,1876
1,F20,P20_10,O,450000,500000,1876
1,F20,P20_11,M,500000,550000,1876
1,F20,P20_12,M,550000,600000,1876
1,F20,P20_13,O,600000,650000,1876
1,F20,P20_14,M,650000,700000,1876
1,F20,P20_15,M,700000,750000,1876
1,F20,P20_16,O,750000,800000,1876
1,F20,P20_17,M,800000,850000,1876
1,F20,P20_18,M,850000,900000,1876
1,F20,P20_19,O,900000,950000,1876
1,F20,P20_20,M,950000,1000000,1876
1,F20,P20_21,M,1000000,1050000,1876
1,F20,P20_22,O,1050000,1100000,1876
1,F20,P20_23,M,1100000,1150000,1876
1,F20,P20_24,M,1150000,1200000,1876
1,F23,P23_1,M,0,400000,600
1,F23,P23_2,M,400000,800000,600
1,F23,P23_3,O,800000,1200000,600
1,F34,P34_1,O,0,400000,847
1,F34,P34_2,M,400000,800000,847
1,F34,P34_3,M,800000,1200000,847
1,F42,P42_1,M,0,400000,5579
1,F42,P42_2,M,400000,800000,5579
1,F42,P42_3,O,800000,1200000,5579
1,F48,P48_1,M,0,200000,5663
1,F48,P48_2,M,200000,400000,5663
1,F48,P48_3,O,400000,600000,5663
1,F48,P48_4,M,600000,800000,5663
1,F48,P48_5,M,800000,1000000,5663
1,F48,P48_6,O,1000000,1200000,5663
1,F8,P8_1,M,0,400000,8310
1,F8,P8_2,O,400000,800000,8310
1,F8,P8_3,M,800000,1200000,8310
2,F12,P12_1,O,0,400000,11521
2,F12,P12_2,M,400000,800000,11521
2,F12,P12_3,M,800000,1200000,11521
2,F21,P21_1,M,0,100000,2121
2,F21,P21_2,O,100000,200000,2121
2,F21,P21_3,M,200000,300000,2121
2,F21,P21_4,M,300000,400000,2121
2,F21,P21_5,O,400000,500000,2121
2,F21,P21_6,M,500000,600000,2121
2,F21,P21_7,M,600000,700000,2121
2,F21,P21_8,O,700000,800000,2121
2,F21,P21_9,M,800000,900000,2121
2,F21,P21_10,M,900000,1000000,2121
2,F21,P21_11,O,1000000,1100000,2121
2,F21,P21_12,M,1100000,1200000,2121
2,F22,P22_1,O,0,200000,1064
2,F22,P22_2,M,200000,400000,1064
2,F22,P22_3,M,400000,600000,1064
2,F22,P22_4,O,600000,800000,1064
2,F22,P22_5,M,800000,1000000,1064
2,F22,P22_6,M,1000000,1200000,1064
2,F30,P30_1,O,0,400000,600
2,F30,P30_2,M,400000,800000,600
2,F30,P30_3,M,800000,1200000,600
2,F32,P32_1,M,0,200000,614
2,F32,P32_2,O,200000,400000,614
2,F32,P32_3,M,400000,600000,614
2,F32,P32_4,M,600000,800000,614
2,F32,P32_5,O,800000,1000000,614
2,F32,P32_6,M,1000000,1200000,614
2,F35,P35_1,O,0,400000,3255
2,F35,P35_2,M,400000,800000,3255
2,F35,P35_3,M,800000,1200000,3255
2,F46,P46_1,M,0,400000,5906
2,F46,P46_2,O,400000,800000,5906
2,F46,P46_3,M,800000,1200000,5906
3,F14,P14_1,M,0,400000,2002
3,F14,P14_2,O,400000,800000,2002
3,F14,P14_3,M,800000,1200000,2002
3,F26,P26_1,M,0,400000,600
3,F26,P26_2,M,400000,800000,600
3,F26,P26_3,O,800000,1200000,600
3,F47,P47_1,M,0,200000,628
3,F47,P47_2,O,200000,400000,628
3,F47,P47_3,M,400000,600000,628
3,F47,P47_4,M,600000,800000,628
3,F47,P47_5,O,800000,1000000,628
3,F47,P47_6,M,1000000,1200000,628
4,F13,P13_1,M,0,400000,8573
4,F13,P13_2,M,400000,800000,8573
4,F13,P13_3,O,800000,1200000,8573
4,F19,P19_1,O,0,400000,1417
4,F19,P19_2,M,400000,800000,1417
4,F19,P19_3,M,800000,1200000,1417
4,F27,P27_1,M,0,200000,1541
4,F27,P27_2,M,200000,400000,1541
4,F27,P27_3,O,400000,600000,1541
4,F27,P27_4,M,600000,800000,1541
4,F27,P27_5,M,800000,1000000,1541
4,F27,P27_6,O,1000000,1200000,1541
4,F3,P3_1,M,0,400000,600
4,F3,P3_2,O,400000,800000,600
4,F3,P3_3,M,800000,1200000,600
4,F45,P45_1,O,0,400000,600
4,F45,P45_2,M,400000,800000,600
4,F45,P45_3,M,800000,1200000,600
4,F5,P5_1,M,0,400000,3819
4,F5,P5_2,M,400000,800000,3819
4,F5,P5_3,O,800000,1200000,3819
4,F7,P7_1,M,0,400000,7427
4,F7,P7_2,O,400000,800000,7427
4,F7,P7_3,M,800000,1200000,7427
5,F15,P15_1,M,0,400000,6509
5,F15,P15_2,M,400000,800000,6509
5,F15,P15_3,O,800000,1200000,6509
5,F16,P16_1,M,0,200000,4788
5,F16,P16_2,O,200000,400000,4788
5,F16,P16_3,M,400000,600000,4788
5,F16,P16_4,M,600000,800000,4788
5,F16,P16_5,O,800000,1000000,4788
5,F16,P16_6,M,1000000,1200000,4788
5,F25,P25_1,M,0,200000,9512
5,F25,P25_2,M,200000,400000,9512
5,F25,P25_3,O,400000,600000,9512
5,F25,P25_4,M,600000,800000,9512
5,F25,P25_5,M,800000,1000000,9512
5,F25,P25_6,O,1000000,1200000,9512
5,F28,P28_1,M,0,100000,1243
5,F28,P28_2,M,100000,200000,1243
5,F28,P28_3,O,200000,300000,1243
5,F28,P28_4,M,300000,400000,1243
5,F28,P28_5,M,400000,500000,1243
5,F28,P28_6,O,500000,600000,1243
5,F28,P28_7,M,600000,700000,1243
5,F28,P28_8,M,700000,800000,1243
5,F28,P28_9,O,800000,900000,1243
5,F28,P28_10,M,900000,1000000,1243
5,F28,P28_11,M,1000000,1100000,1243
5,F28,P28_12,O,1100000,1200000,1243
5,F33,P33_1,M,0,400000,2129
5,F33,P33_2,O,400000,800000,2129
5,F33,P33_3,M,800000,1200000,2129
5,F38,P38_1,M,0,200000,7183
5,F38,P38_2,M,200000,400000,7183
5,F38,P38_3,O,400000,600000,7183
5,F38,P38_4,M,600000,800000,7183
5,F38,P38_5,M,800000,1000000,7183
5,F38,P38_6,O,1000000,1200000,7183
5,F39,P39_1,M,0,400000,600
5,F39,P39_2,M,400000,800000,600
5,F39,P39_3,O,800000,1200000,600
5,F40,P40_1,O,0,200000,8813
5,F40,P40_2,M,200000,400000,8813
5,F40,P40_3,M,400000,600000,8813
5,F40,P40_4,O,600000,800000,8813
5,F40,P40_5,M,800000,1000000,8813
5,F40,P40_6,M,1000000,1200000,8813
5,F43,P43_1,M,0,400000,635
5,F43,P43_2,M,400000,800000,635
5,F43,P43_3,O,800000,1200000,635
5,F44,P44_1,M,0,50000,2188
5,F44,P44_2,O,50000,100000,2188
5,F44,P44_3,M,100000,150000,2188
5,F44,P44_4,M,150000,200000,2188
5,F44,P44_5,O,200000,250000,2188
5,F44,P44_6,M,250000,300000,2188
5,F44,P44_7,M,300000,350000,2188
5,F44,P44_8,O,350000,400000,2188
5,F44,P44_9,M,400000,450000,2188
5,F44,P44_10,M,450000,500000,2188
5,F44,P44_11,O,500000,550000,2188
5,F44,P44_12,M,550000,600000,2188
5,F44,P44_13,M,600000,650000,2188
5,F44,P44_14,O,650000,700000,2188
5,F44,P44_15,M,700000,750000,2188
5,F44,P44_16,M,750000,800000,2188
5,F44,P44_17,O,800000,850000,2188
5,F44,P44_18,M,850000,900000,2188
5,F44,P44_19,M,900000,950000,2188
5,F44,P44_20,O,950000,1000000,2188
5,F44,P44_21,M,1000000,1050000,2188
5,F44,P44_22,M,1050000,1100000,2188
5,F44,P44_23,O,1100000,1150000,2188
5,F44,P44_24,M,1150000,1200000,2188
5,F9,P9_1,M,0,200000,645
5,F9,P9_2,O,200000,400000,645
5,F9,P9_3,M,400000,600000,645
5,F9,P9_4,M,600000,800000,645
5,F9,P9_5,O,800000,1000000,645
5,F9,P9_6,M,1000000,1200000,645
6,F10,P10_1,M,0,400000,600
6,F10,P10_2,M,400000,800000,600
6,F10,P10_3,O,800000,1200000,600
6,F24,P24_1,O,0,200000,1771
6,F24,P24_2,M,200000,400000,1771
6,F24,P24_3,M,400000,600000,1771
6,F24,P24_4,O,600000,800000,1771
6,F24,P24_5,M,800000,1000000,1771
6,F24,P24_6,M,1000000,1200000,1771
6,F36,P36_1,M,0,400000,8290
6,F36,P36_2,M,400000,800000,8290
6,F36,P36_3,O,800000,1200000,8290
6,F37,P37_1,M,0,200000,1459
6,F37,P37_2,M,200000,400000,1459
6,F37,P37_3,O,400000,600000,1459
6,F37,P37_4,M,600000,800000,1459
6,F37,P37_5,M,800000,1000000,1459
6,F37,P37_6,O,1000000,1200000,1459
6,F41,P41_1,M,0,400000,1647
6,F41,P41_2,O,400000,800000,1647
6,F41,P41_3,M,800000,1200000,1647
7,F11,P11_1,M,0,200000,941
7,F11,P11_2,M,200000,400000,941
7,F11,P11_3,O,400000,600000,941
7,F11,P11_4,M,600000,800000,941
7,F11,P11_5,M,800000,1000000,941
7,F11,P11_6,O,1000000,1200000,941
7,F17,P17_1,M,0,400000,600
7,F17,P17_2,O,400000,800000,600
7,F17,P17_3,M,800000,1200000,600
7,F2,P2_1,O,0,100000,1771
7,F2,P2_2,M,100000,200000,1771
7,F2,P2_3,M,200000,300000,1771
7,F2,P2_4,O,300000,400000,1771
7,F2,P2_5,M,400000,500000,1771
7,F2,P2_6,M,500000,600000,1771
7,F2,P2_7,O,600000,700000,1771
7,F2,P2_8,M,700000,800000,1771
7,F2,P2_9,M,800000,900000,1771
7,F2,P2_10,O,900000,1000000,1771
7,F2,P2_11,M,1000000,1100000,1771
7,F2,P2_12,M,1100000,1200000,1771
7,F29,P29_1,M,0,400000,2737
7,F29,P29_2,O,400000,800000,2737
7,F29,P29_3,M,800000,1200000,2737
7,F31,P31_1,M,0,200000,4599
7,F31,P31_2,O,200000,400000,4599
7,F31,P31_3,M,400000,600000,4599
7,F31,P31_4,M,600000,800000,4599
7,F31,P31_5,O,800000,1000000,4599
7,F31,P31_6,M,1000000,1200000,4599
7,F4,P4_1,M,0,200000,6061
7,F4,P4_2,O,200000,400000,6061
7,F4,P4_3,M,400000,600000,6061
7,F4,P4_4,M,600000,800000,6061
7,F4,P4_5,O,800000,1000000,6061
7,F4,P4_6,M,1000000,1200000,6061
7,F6,P6_1,M,0,400000,3696
7,F6,P6_2,M,400000,800000,3696
7,F6,P6_3,O,800000,1200000,3696
