Flow,Period,Deadline,Execution Time,m,k,Target_Utilization,Actual_Utilization,Utilization_Error,Queue
F1,200000,200000,7506,1,3,0.03753153790481023,0.03753,,7
F2,200000,200000,2041,1,3,0.010204446136935053,0.010205,,3
F3,200000,200000,4849,1,3,0.02424605481391806,0.024245,,3
F4,100000,100000,7702,1,3,0.07701692415202421,0.07702,,3
F5,400000,400000,973,1,3,0.002433166303109302,0.0024325,,4
F6,400000,400000,8265,1,3,0.02066259980798746,0.0206625,,7
F7,100000,100000,3581,1,3,0.03581050608615499,0.03581,,3
F8,400000,400000,6621,1,3,0.0165536368301632,0.0165525,,6
F9,100000,100000,2136,1,3,0.021361100805421418,0.02136,,3
F10,400000,400000,5987,1,3,0.014967301713404657,0.0149675,,2
F11,400000,400000,704,1,3,0.001759949258081761,0.00176,,6
F12,200000,200000,6383,1,3,0.03191365852048933,0.031915,,1
F13,200000,200000,4403,1,3,0.022015987710046536,0.022015,,1
F14,400000,400000,9604,1,3,0.024009391712866535,0.02401,,7
F15,100000,100000,10492,1,3,0.10491846906512536,0.10492,,7
F16,400000,400000,8826,1,3,0.022065394385560655,0.022065,,5
F17,400000,400000,943,1,3,0.002358708305798818,0.0023575,,5
F18,400000,400000,4325,1,3,0.010811869444420585,0.0108125,,7
F19,400000,400000,1417,1,3,0.003543723934874121,0.0035425,,1
F20,200000,200000,1492,1,3,0.007459018730512301,0.00746,,3
F21,100000,100000,11659,1,3,0.11658530581960336,0.11659,,3
F22,200000,200000,7754,1,3,0.038771410631766645,0.03877,,1
F23,400000,400000,3658,1,3,0.009143844430620551,0.009145,,4
F24,400000,400000,10090,1,3,0.025224424503208165,0.025225,,1
F25,400000,400000,3647,1,3,0.009118581112189716,0.0091175,,7
F26,400000,400000,7882,1,3,0.019704197733196843,0.019705,,5
F27,400000,400000,2601,1,3,0.006501981123863604,0.0065025,,2
F28,100000,100000,1730,1,3,0.01730086788740126,0.0173,,1
F29,100000,100000,6375,1,3,0.06375419750722497,0.06375,,3
F30,200000,200000,9277,1,3,0.046382853892509485,0.046385,,7
F31,400000,400000,10722,1,3,0.026806202227527307,0.026805,,3
F32,400000,400000,11625,1,3,0.02906268750918353,0.0290625,,7
