Flow,Period,Deadline,Execution Time,m,k,Target_Utilization,Actual_Utilization,Utilization_Error,Queue
F1,200000,200000,4587,1,3,0.02293504015258463,0.022935,,6
F2,400000,400000,2581,1,3,0.0064535395124105666,0.0064525,,5
F3,400000,400000,816,1,3,0.0020409656498836526,0.00204,,4
F4,200000,200000,1064,1,3,0.005319486533382989,0.00532,,5
F5,200000,200000,8526,1,3,0.042628673585431875,0.04263,,6
F6,400000,400000,5861,1,3,0.014651527958332355,0.0146525,,5
F7,200000,200000,1172,1,3,0.005859831455935216,0.00586,,2
F8,400000,400000,3919,1,3,0.00979801750313014,0.0097975,,1
F9,200000,200000,995,1,3,0.004975931574246584,0.004975,,1
F10,400000,400000,1157,1,3,0.0028936798790313856,0.0028925,,2
F11,400000,400000,649,1,3,0.0016225976834156053,0.0016225,,6
F12,400000,400000,1099,1,3,0.00274832864004676,0.0027475,,2
F13,400000,400000,3023,1,3,0.007557590424994154,0.0075575,,1
F14,200000,200000,6395,1,3,0.0319772129545742,0.031975,,4
F15,400000,400000,4691,1,3,0.011726640709645936,0.0117275,,5
F16,100000,100000,3211,1,3,0.03211104398037079,0.03211,,5
F17,200000,200000,1789,1,3,0.008944328055744133,0.008945,,6
F18,200000,200000,783,1,3,0.003915468847075637,0.003915,,4
F19,400000,400000,630,1,3,0.0015744512536957633,0.001575,,1
F20,400000,400000,4881,1,3,0.012202968044997431,0.0122025,,6
F21,400000,400000,741,1,3,0.0018513587883938198,0.0018525,,3
F22,400000,400000,5257,1,3,0.013143112237522736,0.0131425,,4
F23,400000,400000,10174,1,3,0.025433757830183146,0.025435,,5
F24,100000,100000,3297,1,3,0.032969683773071135,0.03297,,4
F25,200000,200000,1049,1,3,0.005244842336770306,0.005245,,3
F26,400000,400000,980,1,3,0.0024506257054073,0.00245,,5
F27,400000,400000,5519,1,3,0.01379756635602973,0.0137975,,2
F28,400000,400000,3713,1,3,0.009281622497842965,0.0092825,,2
F29,400000,400000,1961,1,3,0.0049022875978364105,0.0049025,,6
F30,400000,400000,10595,1,3,0.026486482510276556,0.0264875,,6
F31,100000,100000,874,1,3,0.008739655235995788,0.00874,,4
F32,400000,400000,9505,1,3,0.023761680731740325,0.0237625,,4
