Queue,Flow,Packet_ID,Type,Arrival,Deadline,Exec
1,F1,P1_1,M,0,50000,3115
1,F1,P1_2,M,50000,100000,3115
1,F1,P1_3,O,100000,150000,3115
1,F1,P1_4,M,150000,200000,3115
1,F1,P1_5,M,200000,250000,3115
1,F1,P1_6,O,250000,300000,3115
1,F1,P1_7,M,300000,350000,3115
1,F1,P1_8,M,350000,400000,3115
1,F1,P1_9,O,400000,450000,3115
1,F1,P1_10,M,450000,500000,3115
1,F1,P1_11,M,500000,550000,3115
1,F1,P1_12,O,550000,600000,3115
1,F1,P1_13,M,600000,650000,3115
1,F1,P1_14,M,650000,700000,3115
1,F1,P1_15,O,700000,750000,3115
1,F1,P1_16,M,750000,800000,3115
1,F1,P1_17,M,800000,850000,3115
1,F1,P1_18,O,850000,900000,3115
1,F1,P1_19,M,900000,950000,3115
1,F1,P1_20,M,950000,1000000,3115
1,F1,P1_21,O,1000000,1050000,3115
1,F1,P1_22,M,1050000,1100000,3115
1,F1,P1_23,M,1100000,1150000,3115
1,F1,P1_24,O,1150000,1200000,3115
2,F11,P11_1,M,0,400000,2733
2,F11,P11_2,M,400000,800000,2733
2,F11,P11_3,O,800000,1200000,2733
2,F15,P15_1,M,0,100000,6695
2,F15,P15_2,M,100000,200000,6695
2,F15,P15_3,O,200000,300000,6695
2,F15,P15_4,M,300000,400000,6695
2,F15,P15_5,M,400000,500000,6695
2,F15,P15_6,O,500000,600000,6695
2,F15,P15_7,M,600000,700000,6695
2,F15,P15_8,M,700000,800000,6695
2,F15,P15_9,O,800000,900000,6695
2,F15,P15_10,M,900000,1000000,6695
2,F15,P15_11,M,1000000,1100000,6695
2,F15,P15_12,O,1100000,1200000,6695
3,F13,P13_1,M,0,200000,10739
3,F13,P13_2,M,200000,400000,10739
3,F13,P13_3,O,400000,600000,10739
3,F13,P13_4,M,600000,800000,10739
3,F13,P13_5,M,800000,1000000,10739
3,F13,P13_6,O,1000000,1200000,10739
3,F16,P16_1,M,0,400000,3149
3,F16,P16_2,O,400000,800000,3149
3,F16,P16_3,M,800000,1200000,3149
3,F6,P6_1,M,0,50000,6962
3,F6,P6_2,M,50000,100000,6962
3,F6,P6_3,O,100000,150000,6962
3,F6,P6_4,M,150000,200000,6962
3,F6,P6_5,M,200000,250000,6962
3,F6,P6_6,O,250000,300000,6962
3,F6,P6_7,M,300000,350000,6962
3,F6,P6_8,M,350000,400000,6962
3,F6,P6_9,O,400000,450000,6962
3,F6,P6_10,M,450000,500000,6962
3,F6,P6_11,M,500000,550000,6962
3,F6,P6_12,O,550000,600000,6962
3,F6,P6_13,M,600000,650000,6962
3,F6,P6_14,M,650000,700000,6962
3,F6,P6_15,O,700000,750000,6962
3,F6,P6_16,M,750000,800000,6962
3,F6,P6_17,M,800000,850000,6962
3,F6,P6_18,O,850000,900000,6962
3,F6,P6_19,M,900000,950000,6962
3,F6,P6_20,M,950000,1000000,6962
3,F6,P6_21,O,1000000,1050000,6962
3,F6,P6_22,M,1050000,1100000,6962
3,F6,P6_23,M,1100000,1150000,6962
3,F6,P6_24,O,1150000,1200000,6962
4,F12,P12_1,O,0,200000,806
4,F12,P12_2,M,200000,400000,806
4,F12,P12_3,M,400000,600000,806
4,F12,P12_4,O,600000,800000,806
4,F12,P12_5,M,800000,1000000,806
4,F12,P12_6,M,1000000,1200000,806
4,F14,P14_1,M,0,400000,7559
4,F14,P14_2,O,400000,800000,7559
4,F14,P14_3,M,800000,1200000,7559
4,F3,P3_1,M,0,400000,3369
4,F3,P3_2,O,400000,800000,3369
4,F3,P3_3,M,800000,1200000,3369
4,F5,P5_1,M,0,200000,6044
4,F5,P5_2,M,200000,400000,6044
4,F5,P5_3,O,400000,600000,6044
4,F5,P5_4,M,600000,800000,6044
4,F5,P5_5,M,800000,1000000,6044
4,F5,P5_6,O,1000000,1200000,6044
5,F10,P10_1,M,0,400000,6117
5,F10,P10_2,M,400000,800000,6117
5,F10,P10_3,O,800000,1200000,6117
5,F4,P4_1,M,0,50000,5059
5,F4,P4_2,O,50000,100000,5059
5,F4,P4_3,M,100000,150000,5059
5,F4,P4_4,M,150000,200000,5059
5,F4,P4_5,O,200000,250000,5059
5,F4,P4_6,M,250000,300000,5059
5,F4,P4_7,M,300000,350000,5059
5,F4,P4_8,O,350000,400000,5059
5,F4,P4_9,M,400000,450000,5059
5,F4,P4_10,M,450000,500000,5059
5,F4,P4_11,O,500000,550000,5059
5,F4,P4_12,M,550000,600000,5059
5,F4,P4_13,M,600000,650000,5059
5,F4,P4_14,O,650000,700000,5059
5,F4,P4_15,M,700000,750000,5059
5,F4,P4_16,M,750000,800000,5059
5,F4,P4_17,O,800000,850000,5059
5,F4,P4_18,M,850000,900000,5059
5,F4,P4_19,M,900000,950000,5059
5,F4,P4_20,O,950000,1000000,5059
5,F4,P4_21,M,1000000,1050000,5059
5,F4,P4_22,M,1050000,1100000,5059
5,F4,P4_23,O,1100000,1150000,5059
5,F4,P4_24,M,1150000,1200000,5059
6,F8,P8_1,M,0,400000,11578
6,F8,P8_2,O,400000,800000,11578
6,F8,P8_3,M,800000,1200000,11578
6,F9,P9_1,M,0,400000,2251
6,F9,P9_2,O,400000,800000,2251
6,F9,P9_3,M,800000,1200000,2251
7,F2,P2_1,O,0,100000,6032
7,F2,P2_2,M,100000,200000,6032
7,F2,P2_3,M,200000,300000,6032
7,F2,P2_4,O,300000,400000,6032
7,F2,P2_5,M,400000,500000,6032
7,F2,P2_6,M,500000,600000,6032
7,F2,P2_7,O,600000,700000,6032
7,F2,P2_8,M,700000,800000,6032
7,F2,P2_9,M,800000,900000,6032
7,F2,P2_10,O,900000,1000000,6032
7,F2,P2_11,M,1000000,1100000,6032
7,F2,P2_12,M,1100000,1200000,6032
7,F7,P7_1,M,0,400000,600
7,F7,P7_2,O,400000,800000,600
7,F7,P7_3,M,800000,1200000,600
