Queue,Flow,Packet_ID,Type,Arrival,Deadline,Exec
1,F12,P12_1,O,0,400000,4441
1,F12,P12_2,M,400000,800000,4441
1,F12,P12_3,M,800000,1200000,4441
1,F3,P3_1,M,0,200000,7082
1,F3,P3_2,O,200000,400000,7082
1,F3,P3_3,M,400000,600000,7082
1,F3,P3_4,M,600000,800000,7082
1,F3,P3_5,O,800000,1000000,7082
1,F3,P3_6,M,1000000,1200000,7082
2,F16,P16_1,M,0,200000,6149
2,F16,P16_2,O,200000,400000,6149
2,F16,P16_3,M,400000,600000,6149
2,F16,P16_4,M,600000,800000,6149
2,F16,P16_5,O,800000,1000000,6149
2,F16,P16_6,M,1000000,1200000,6149
2,F5,P5_1,M,0,400000,3215
2,F5,P5_2,M,400000,800000,3215
2,F5,P5_3,O,800000,1200000,3215
3,F4,P4_1,M,0,200000,7535
3,F4,P4_2,O,200000,400000,7535
3,F4,P4_3,M,400000,600000,7535
3,F4,P4_4,M,600000,800000,7535
3,F4,P4_5,O,800000,1000000,7535
3,F4,P4_6,M,1000000,1200000,7535
3,F6,P6_1,M,0,50000,3623
3,F6,P6_2,M,50000,100000,3623
3,F6,P6_3,O,100000,150000,3623
3,F6,P6_4,M,150000,200000,3623
3,F6,P6_5,M,200000,250000,3623
3,F6,P6_6,O,250000,300000,3623
3,F6,P6_7,M,300000,350000,3623
3,F6,P6_8,M,350000,400000,3623
3,F6,P6_9,O,400000,450000,3623
3,F6,P6_10,M,450000,500000,3623
3,F6,P6_11,M,500000,550000,3623
3,F6,P6_12,O,550000,600000,3623
3,F6,P6_13,M,600000,650000,3623
3,F6,P6_14,M,650000,700000,3623
3,F6,P6_15,O,700000,750000,3623
3,F6,P6_16,M,750000,800000,3623
3,F6,P6_17,M,800000,850000,3623
3,F6,P6_18,O,850000,900000,3623
3,F6,P6_19,M,900000,950000,3623
3,F6,P6_20,M,950000,1000000,3623
3,F6,P6_21,O,1000000,1050000,3623
3,F6,P6_22,M,1050000,1100000,3623
3,F6,P6_23,M,1100000,1150000,3623
3,F6,P6_24,O,1150000,1200000,3623
3,F8,P8_1,M,0,400000,8005
3,F8,P8_2,O,400000,800000,8005
3,F8,P8_3,M,800000,1200000,8005
4,F1,P1_1,M,0,400000,11994
4,F1,P1_2,M,400000,800000,11994
4,F1,P1_3,O,800000,1200000,11994
5,F14,P14_1,M,0,100000,2852
5,F14,P14_2,O,100000,200000,2852
5,F14,P14_3,M,200000,300000,2852
5,F14,P14_4,M,300000,400000,2852
5,F14,P14_5,O,400000,500000,2852
5,F14,P14_6,M,500000,600000,2852
5,F14,P14_7,M,600000,700000,2852
5,F14,P14_8,O,700000,800000,2852
5,F14,P14_9,M,800000,900000,2852
5,F14,P14_10,M,900000,1000000,2852
5,F14,P14_11,O,1000000,1100000,2852
5,F14,P14_12,M,1100000,1200000,2852
5,F9,P9_1,M,0,200000,9746
5,F9,P9_2,O,200000,400000,9746
5,F9,P9_3,M,400000,600000,9746
5,F9,P9_4,M,600000,800000,9746
5,F9,P9_5,O,800000,1000000,9746
5,F9,P9_6,M,1000000,1200000,9746
6,F13,P13_1,M,0,200000,10768
6,F13,P13_2,M,200000,400000,10768
6,F13,P13_3,O,400000,600000,10768
6,F13,P13_4,M,600000,800000,10768
6,F13,P13_5,M,800000,1000000,10768
6,F13,P13_6,O,1000000,1200000,10768
6,F15,P15_1,M,0,400000,2627
6,F15,P15_2,M,400000,800000,2627
6,F15,P15_3,O,800000,1200000,2627
6,F7,P7_1,M,0,100000,4164
6,F7,P7_2,O,100000,200000,4164
6,F7,P7_3,M,200000,300000,4164
6,F7,P7_4,M,300000,400000,4164
6,F7,P7_5,O,400000,500000,4164
6,F7,P7_6,M,500000,600000,4164
6,F7,P7_7,M,600000,700000,4164
6,F7,P7_8,O,700000,800000,4164
6,F7,P7_9,M,800000,900000,4164
6,F7,P7_10,M,900000,1000000,4164
6,F7,P7_11,O,1000000,1100000,4164
6,F7,P7_12,M,1100000,1200000,4164
7,F10,P10_1,M,0,50000,6297
7,F10,P10_2,M,50000,100000,6297
7,F10,P10_3,O,100000,150000,6297
7,F10,P10_4,M,150000,200000,6297
7,F10,P10_5,M,200000,250000,6297
7,F10,P10_6,O,250000,300000,6297
7,F10,P10_7,M,300000,350000,6297
7,F10,P10_8,M,350000,400000,6297
7,F10,P10_9,O,400000,450000,6297
7,F10,P10_10,M,450000,500000,6297
7,F10,P10_11,M,500000,550000,6297
7,F10,P10_12,O,550000,600000,6297
7,F10,P10_13,M,600000,650000,6297
7,F10,P10_14,M,650000,700000,6297
7,F10,P10_15,O,700000,750000,6297
7,F10,P10_16,M,750000,800000,6297
7,F10,P10_17,M,800000,850000,6297
7,F10,P10_18,O,850000,900000,6297
7,F10,P10_19,M,900000,950000,6297
7,F10,P10_20,M,950000,1000000,6297
7,F10,P10_21,O,1000000,1050000,6297
7,F10,P10_22,M,1050000,1100000,6297
7,F10,P10_23,M,1100000,1150000,6297
7,F10,P10_24,O,1150000,1200000,6297
7,F11,P11_1,M,0,200000,8983
7,F11,P11_2,M,200000,400000,8983
7,F11,P11_3,O,400000,600000,8983
7,F11,P11_4,M,600000,800000,8983
7,F11,P11_5,M,800000,1000000,8983
7,F11,P11_6,O,1000000,1200000,8983
7,F2,P2_1,O,0,400000,11027
7,F2,P2_2,M,400000,800000,11027
7,F2,P2_3,M,800000,1200000,11027
