Queue,Flow,Packet_ID,Type,Arrival,Deadline,Exec,Start,Finish,Slack
1,F11,P11_1,O,0,400000,8439,,,
1,F11,P11_2,M,400000,800000,8439,411712.0,420151.0,379849.0
1,F11,P11_3,M,800000,1200000,8439,810949.0,819388.0,380612.0
1,F22,P22_1,M,0,200000,5501,0.0,5501.0,194499.0
1,F22,P22_2,O,200000,400000,5501,,,
1,F22,P22_3,M,400000,600000,5501,406211.0,411712.0,188288.0
1,F22,P22_4,M,600000,800000,5501,600000.0,605501.0,194499.0
1,F22,P22_5,O,800000,1000000,5501,,,
1,F22,P22_6,M,1000000,1200000,5501,1006211.0,1011712.0,188288.0
1,F29,P29_1,M,0,400000,1055,21596.0,22651.0,377349.0
1,F29,P29_2,O,400000,800000,1055,,,
1,F29,P29_3,M,800000,1200000,1055,820450.0,821505.0,378495.0
1,F31,P31_1,M,0,200000,4738,5501.0,10239.0,189761.0
1,F31,P31_2,M,200000,400000,4738,206211.0,210949.0,189051.0
1,F31,P31_3,O,400000,600000,4738,,,
1,F31,P31_4,M,600000,800000,4738,605501.0,610239.0,189761.0
1,F31,P31_5,M,800000,1000000,4738,806211.0,810949.0,189051.0
1,F31,P31_6,O,1000000,1200000,4738,,,
1,F33,P33_1,O,0,200000,6211,,,
1,F33,P33_2,M,200000,400000,6211,200000.0,206211.0,193789.0
1,F33,P33_3,M,400000,600000,6211,400000.0,406211.0,193789.0
1,F33,P33_4,O,600000,800000,6211,,,
1,F33,P33_5,M,800000,1000000,6211,800000.0,806211.0,193789.0
1,F33,P33_6,M,1000000,1200000,6211,1000000.0,1006211.0,193789.0
1,F34,P34_1,M,0,400000,5729,10239.0,15968.0,384032.0
1,F34,P34_2,M,400000,800000,5729,420151.0,425880.0,374120.0
1,F34,P34_3,O,800000,1200000,5729,,,
1,F40,P40_1,M,0,400000,4566,15968.0,20534.0,379466.0
1,F40,P40_2,M,400000,800000,4566,425880.0,430446.0,369554.0
1,F40,P40_3,O,800000,1200000,4566,,,
1,F47,P47_1,M,0,400000,1062,20534.0,21596.0,378404.0
1,F47,P47_2,O,400000,800000,1062,,,
1,F47,P47_3,M,800000,1200000,1062,819388.0,820450.0,379550.0
2,F37,P37_1,O,0,400000,1134,,,
2,F37,P37_2,M,400000,800000,1134,400000.0,401134.0,398866.0
2,F37,P37_3,M,800000,1200000,1134,802371.0,803505.0,396495.0
2,F45,P45_1,M,0,400000,995,2371.0,3366.0,396634.0
2,F45,P45_2,M,400000,800000,995,401134.0,402129.0,397871.0
2,F45,P45_3,O,800000,1200000,995,,,
2,F48,P48_1,M,0,200000,2371,0.0,2371.0,197629.0
2,F48,P48_2,M,200000,400000,2371,200000.0,202371.0,197629.0
2,F48,P48_3,O,400000,600000,2371,,,
2,F48,P48_4,M,600000,800000,2371,600000.0,602371.0,197629.0
2,F48,P48_5,M,800000,1000000,2371,800000.0,802371.0,197629.0
2,F48,P48_6,O,1000000,1200000,2371,,,
3,F10,P10_1,O,0,400000,7949,,,
3,F10,P10_2,M,400000,800000,7949,400000.0,407949.0,392051.0
3,F10,P10_3,M,800000,1200000,7949,800000.0,807949.0,392051.0
3,F3,P3_1,M,0,400000,600,11485.0,12085.0,387915.0
3,F3,P3_2,M,400000,800000,600,410537.0,411137.0,388863.0
3,F3,P3_3,O,800000,1200000,600,,,
3,F32,P32_1,M,0,400000,5346,0.0,5346.0,394654.0
3,F32,P32_2,O,400000,800000,5346,,,
3,F32,P32_3,M,800000,1200000,5346,807949.0,813295.0,386705.0
3,F38,P38_1,M,0,400000,3551,5346.0,8897.0,391103.0
3,F38,P38_2,O,400000,800000,3551,,,
3,F38,P38_3,M,800000,1200000,3551,813295.0,816846.0,383154.0
3,F39,P39_1,M,0,400000,2588,8897.0,11485.0,388515.0
3,F39,P39_2,M,400000,800000,2588,407949.0,410537.0,389463.0
3,F39,P39_3,O,800000,1200000,2588,,,
4,F19,P19_1,M,0,400000,1138,16792.0,17930.0,382070.0
4,F19,P19_2,M,400000,800000,1138,415689.0,416827.0,383173.0
4,F19,P19_3,O,800000,1200000,1138,,,
4,F20,P20_1,M,0,200000,1765,4374.0,6139.0,193861.0
4,F20,P20_2,O,200000,400000,1765,,,
4,F20,P20_3,M,400000,600000,1765,406135.0,407900.0,192100.0
4,F20,P20_4,M,600000,800000,1765,604374.0,606139.0,193861.0
4,F20,P20_5,O,800000,1000000,1765,,,
4,F20,P20_6,M,1000000,1200000,1765,1006135.0,1007900.0,192100.0
4,F21,P21_1,M,0,200000,4374,0.0,4374.0,195626.0
4,F21,P21_2,M,200000,400000,4374,206135.0,210509.0,189491.0
4,F21,P21_3,O,400000,600000,4374,,,
4,F21,P21_4,M,600000,800000,4374,600000.0,604374.0,195626.0
4,F21,P21_5,M,800000,1000000,4374,806135.0,810509.0,189491.0
4,F21,P21_6,O,1000000,1200000,4374,,,
4,F24,P24_1,O,0,400000,7789,,,
4,F24,P24_2,M,400000,800000,7789,407900.0,415689.0,384311.0
4,F24,P24_3,M,800000,1200000,7789,821162.0,828951.0,371049.0
4,F26,P26_1,O,0,200000,6135,,,
4,F26,P26_2,M,200000,400000,6135,200000.0,206135.0,193865.0
4,F26,P26_3,M,400000,600000,6135,400000.0,406135.0,193865.0
4,F26,P26_4,O,600000,800000,6135,,,
4,F26,P26_5,M,800000,1000000,6135,800000.0,806135.0,193865.0
4,F26,P26_6,M,1000000,1200000,6135,1000000.0,1006135.0,193865.0
4,F46,P46_1,M,0,400000,10653,6139.0,16792.0,383208.0
4,F46,P46_2,O,400000,800000,10653,,,
4,F46,P46_3,M,800000,1200000,10653,810509.0,821162.0,378838.0
4,F6,P6_1,M,0,400000,600,18652.0,19252.0,380748.0
4,F6,P6_2,M,400000,800000,600,417549.0,418149.0,381851.0
4,F6,P6_3,O,800000,1200000,600,,,
4,F8,P8_1,M,0,400000,722,17930.0,18652.0,381348.0
4,F8,P8_2,M,400000,800000,722,416827.0,417549.0,382451.0
4,F8,P8_3,O,800000,1200000,722,,,
5,F1,P1_1,O,0,400000,708,,,
5,F1,P1_2,M,400000,800000,708,466147.0,466855.0,333145.0
5,F1,P1_3,M,800000,1200000,708,866147.0,866855.0,333145.0
5,F13,P13_1,O,0,200000,6275,,,
5,F13,P13_2,M,200000,400000,6275,224330.0,230605.0,169395.0
5,F13,P13_3,M,400000,600000,6275,424330.0,430605.0,169395.0
5,F13,P13_4,O,600000,800000,6275,,,
5,F13,P13_5,M,800000,1000000,6275,824330.0,830605.0,169395.0
5,F13,P13_6,M,1000000,1200000,6275,1024330.0,1030605.0,169395.0
5,F15,P15_1,O,0,400000,10147,,,
5,F15,P15_2,M,400000,800000,10147,436175.0,446322.0,353678.0
5,F15,P15_3,M,800000,1200000,10147,836175.0,846322.0,353678.0
5,F2,P2_1,O,0,200000,5570,,,
5,F2,P2_2,M,200000,400000,5570,230605.0,236175.0,163825.0
5,F2,P2_3,M,400000,600000,5570,430605.0,436175.0,163825.0
5,F2,P2_4,O,600000,800000,5570,,,
5,F2,P2_5,M,800000,1000000,5570,830605.0,836175.0,163825.0
5,F2,P2_6,M,1000000,1200000,5570,1030605.0,1036175.0,163825.0
5,F23,P23_1,O,0,200000,9802,,,
5,F23,P23_2,M,200000,400000,9802,207115.0,216917.0,183083.0
5,F23,P23_3,M,400000,600000,9802,407115.0,416917.0,183083.0
5,F23,P23_4,O,600000,800000,9802,,,
5,F23,P23_5,M,800000,1000000,9802,807115.0,816917.0,183083.0
5,F23,P23_6,M,1000000,1200000,9802,1007115.0,1016917.0,183083.0
5,F25,P25_1,O,0,400000,4221,,,
5,F25,P25_2,M,400000,800000,4221,460524.0,464745.0,335255.0
5,F25,P25_3,M,800000,1200000,4221,860524.0,864745.0,335255.0
5,F28,P28_1,O,0,100000,7115,,,
5,F28,P28_2,M,100000,200000,7115,100000.0,107115.0,92885.0
5,F28,P28_3,M,200000,300000,7115,200000.0,207115.0,92885.0
5,F28,P28_4,O,300000,400000,7115,,,
5,F28,P28_5,M,400000,500000,7115,400000.0,407115.0,92885.0
5,F28,P28_6,M,500000,600000,7115,500000.0,507115.0,92885.0
5,F28,P28_7,O,600000,700000,7115,,,
5,F28,P28_8,M,700000,800000,7115,700000.0,707115.0,92885.0
5,F28,P28_9,M,800000,900000,7115,800000.0,807115.0,92885.0
5,F28,P28_10,O,900000,1000000,7115,,,
5,F28,P28_11,M,1000000,1100000,7115,1000000.0,1007115.0,92885.0
5,F28,P28_12,M,1100000,1200000,7115,1100000.0,1107115.0,92885.0
5,F30,P30_1,O,0,400000,8189,,,
5,F30,P30_2,M,400000,800000,8189,446322.0,454511.0,345489.0
5,F30,P30_3,M,800000,1200000,8189,846322.0,854511.0,345489.0
5,F36,P36_1,O,0,200000,7413,,,
5,F36,P36_2,M,200000,400000,7413,216917.0,224330.0,175670.0
5,F36,P36_3,M,400000,600000,7413,416917.0,424330.0,175670.0
5,F36,P36_4,O,600000,800000,7413,,,
5,F36,P36_5,M,800000,1000000,7413,816917.0,824330.0,175670.0
5,F36,P36_6,M,1000000,1200000,7413,1016917.0,1024330.0,175670.0
5,F4,P4_1,O,0,400000,6013,,,
5,F4,P4_2,M,400000,800000,6013,454511.0,460524.0,339476.0
5,F4,P4_3,M,800000,1200000,6013,854511.0,860524.0,339476.0
5,F42,P42_1,O,0,400000,1402,,,
5,F42,P42_2,M,400000,800000,1402,464745.0,466147.0,333853.0
5,F42,P42_3,M,800000,1200000,1402,864745.0,866147.0,333853.0
5,F7,P7_1,O,0,400000,600,,,
5,F7,P7_2,M,400000,800000,600,466855.0,467455.0,332545.0
5,F7,P7_3,M,800000,1200000,600,866855.0,867455.0,332545.0
6,F12,P12_1,M,0,400000,3533,0.0,3533.0,396467.0
6,F12,P12_2,O,400000,800000,3533,,,
6,F12,P12_3,M,800000,1200000,3533,802661.0,806194.0,393806.0
6,F43,P43_1,M,0,400000,2523,3533.0,6056.0,393944.0
6,F43,P43_2,M,400000,800000,2523,402661.0,405184.0,394816.0
6,F43,P43_3,O,800000,1200000,2523,,,
6,F44,P44_1,O,0,200000,2661,,,
6,F44,P44_2,M,200000,400000,2661,200000.0,202661.0,197339.0
6,F44,P44_3,M,400000,600000,2661,400000.0,402661.0,197339.0
6,F44,P44_4,O,600000,800000,2661,,,
6,F44,P44_5,M,800000,1000000,2661,800000.0,802661.0,197339.0
6,F44,P44_6,M,1000000,1200000,2661,1000000.0,1002661.0,197339.0
6,F5,P5_1,M,0,400000,642,6056.0,6698.0,393302.0
6,F5,P5_2,M,400000,800000,642,405184.0,405826.0,394174.0
6,F5,P5_3,O,800000,1200000,642,,,
7,F14,P14_1,M,0,400000,2347,32112.0,34459.0,365541.0
7,F14,P14_2,O,400000,800000,2347,,,
7,F14,P14_3,M,800000,1200000,2347,829682.0,832029.0,367971.0
7,F16,P16_1,M,0,400000,7554,21825.0,29379.0,370621.0
7,F16,P16_2,O,400000,800000,7554,,,
7,F16,P16_3,M,800000,1200000,7554,819395.0,826949.0,373051.0
7,F17,P17_1,M,0,400000,10268,3526.0,13794.0,386206.0
7,F17,P17_2,M,400000,800000,10268,422921.0,433189.0,366811.0
7,F17,P17_3,O,800000,1200000,10268,,,
7,F18,P18_1,M,0,400000,2733,29379.0,32112.0,367888.0
7,F18,P18_2,O,400000,800000,2733,,,
7,F18,P18_3,M,800000,1200000,2733,826949.0,829682.0,370318.0
7,F27,P27_1,O,0,400000,11738,,,
7,F27,P27_2,M,400000,800000,11738,411183.0,422921.0,377079.0
7,F27,P27_3,M,800000,1200000,11738,807657.0,819395.0,380605.0
7,F35,P35_1,O,0,200000,7657,,,
7,F35,P35_2,M,200000,400000,7657,200000.0,207657.0,192343.0
7,F35,P35_3,M,400000,600000,7657,403526.0,411183.0,188817.0
7,F35,P35_4,O,600000,800000,7657,,,
7,F35,P35_5,M,800000,1000000,7657,800000.0,807657.0,192343.0
7,F35,P35_6,M,1000000,1200000,7657,1003526.0,1011183.0,188817.0
7,F41,P41_1,M,0,400000,8031,13794.0,21825.0,378175.0
7,F41,P41_2,M,400000,800000,8031,433189.0,441220.0,358780.0
7,F41,P41_3,O,800000,1200000,8031,,,
7,F9,P9_1,M,0,100000,3526,0.0,3526.0,96474.0
7,F9,P9_2,M,100000,200000,3526,100000.0,103526.0,96474.0
7,F9,P9_3,O,200000,300000,3526,,,
7,F9,P9_4,M,300000,400000,3526,300000.0,303526.0,96474.0
7,F9,P9_5,M,400000,500000,3526,400000.0,403526.0,96474.0
7,F9,P9_6,O,500000,600000,3526,,,
7,F9,P9_7,M,600000,700000,3526,600000.0,603526.0,96474.0
7,F9,P9_8,M,700000,800000,3526,700000.0,703526.0,96474.0
7,F9,P9_9,O,800000,900000,3526,,,
7,F9,P9_10,M,900000,1000000,3526,900000.0,903526.0,96474.0
7,F9,P9_11,M,1000000,1100000,3526,1000000.0,1003526.0,96474.0
7,F9,P9_12,O,1100000,1200000,3526,,,
