Queue,Flow,Packet_ID,Type,Arrival,Deadline,Exec,Start,Finish,Slack
1,F1,P1_1,M,0,400000,3269,2620.0,5889.0,394111.0
1,F1,P1_2,O,400000,800000,3269,,,
1,F13,P13_1,O,0,400000,6135,,,
1,F13,P13_2,M,400000,800000,6135,410489.0,416624.0,383376.0
1,F15,P15_1,O,0,200000,7393,,,
1,F15,P15_2,M,200000,400000,7393,209139.0,216532.0,183468.0
1,F15,P15_3,O,400000,600000,7393,,,
1,F15,P15_4,M,600000,800000,7393,609139.0,616532.0,183468.0
1,F19,P19_1,M,0,200000,2620,0.0,2620.0,197380.0
1,F19,P19_2,O,200000,400000,2620,,,
1,F19,P19_3,M,400000,600000,2620,400000.0,402620.0,197380.0
1,F19,P19_4,O,600000,800000,2620,,,
1,F22,P22_1,O,0,200000,9139,,,
1,F22,P22_2,M,200000,400000,9139,200000.0,209139.0,190861.0
1,F22,P22_3,O,400000,600000,9139,,,
1,F22,P22_4,M,600000,800000,9139,600000.0,609139.0,190861.0
1,F33,P33_1,M,0,400000,750,7565.0,8315.0,391685.0
1,F33,P33_2,O,400000,800000,750,,,
1,F8,P8_1,M,0,400000,1676,5889.0,7565.0,392435.0
1,F8,P8_2,O,400000,800000,1676,,,
1,F9,P9_1,O,0,400000,7869,,,
1,F9,P9_2,M,400000,800000,7869,402620.0,410489.0,389511.0
2,F17,P17_1,O,0,200000,5313,,,
2,F17,P17_2,M,200000,400000,5313,200000.0,205313.0,194687.0
2,F17,P17_3,O,400000,600000,5313,,,
2,F17,P17_4,M,600000,800000,5313,600000.0,605313.0,194687.0
2,F26,P26_1,M,0,400000,6482,0.0,6482.0,393518.0
2,F26,P26_2,O,400000,800000,6482,,,
2,F27,P27_1,M,0,400000,4155,6482.0,10637.0,389363.0
2,F27,P27_2,O,400000,800000,4155,,,
2,F30,P30_1,O,0,400000,2391,,,
2,F30,P30_2,M,400000,800000,2391,400000.0,402391.0,397609.0
2,F31,P31_1,O,0,400000,833,,,
2,F31,P31_2,M,400000,800000,833,402391.0,403224.0,396776.0
2,F43,P43_1,O,0,200000,2852,,,
2,F43,P43_2,M,200000,400000,2852,205313.0,208165.0,191835.0
2,F43,P43_3,O,400000,600000,2852,,,
2,F43,P43_4,M,600000,800000,2852,605313.0,608165.0,191835.0
3,F11,P11_1,O,0,400000,6182,,,
3,F11,P11_2,M,400000,800000,6182,411274.0,417456.0,382544.0
3,F18,P18_1,M,0,200000,8805,0.0,8805.0,191195.0
3,F18,P18_2,O,200000,400000,8805,,,
3,F18,P18_3,M,400000,600000,8805,400000.0,408805.0,191195.0
3,F18,P18_4,O,600000,800000,8805,,,
3,F2,P2_1,O,0,200000,10557,,,
3,F2,P2_2,M,200000,400000,10557,200000.0,210557.0,189443.0
3,F2,P2_3,O,400000,600000,10557,,,
3,F2,P2_4,M,600000,800000,10557,600000.0,610557.0,189443.0
3,F20,P20_1,M,0,200000,992,10282.0,11274.0,188726.0
3,F20,P20_2,O,200000,400000,992,,,
3,F20,P20_3,M,400000,600000,992,410282.0,411274.0,188726.0
3,F20,P20_4,O,600000,800000,992,,,
3,F25,P25_1,O,0,200000,3658,,,
3,F25,P25_2,M,200000,400000,3658,216188.0,219846.0,180154.0
3,F25,P25_3,O,400000,600000,3658,,,
3,F25,P25_4,M,600000,800000,3658,616188.0,619846.0,180154.0
3,F28,P28_1,M,0,200000,1477,8805.0,10282.0,189718.0
3,F28,P28_2,O,200000,400000,1477,,,
3,F28,P28_3,M,400000,600000,1477,408805.0,410282.0,189718.0
3,F28,P28_4,O,600000,800000,1477,,,
3,F4,P4_1,O,0,400000,600,,,
3,F4,P4_2,M,400000,800000,600,417456.0,418056.0,381944.0
3,F41,P41_1,O,0,200000,5631,,,
3,F41,P41_2,M,200000,400000,5631,210557.0,216188.0,183812.0
3,F41,P41_3,O,400000,600000,5631,,,
3,F41,P41_4,M,600000,800000,5631,610557.0,616188.0,183812.0
3,F45,P45_1,O,0,400000,600,,,
3,F45,P45_2,M,400000,800000,600,418056.0,418656.0,381344.0
3,F46,P46_1,O,0,100000,6035,,,
3,F46,P46_2,M,100000,200000,6035,100000.0,106035.0,93965.0
3,F46,P46_3,O,200000,300000,6035,,,
3,F46,P46_4,M,300000,400000,6035,300000.0,306035.0,93965.0
3,F46,P46_5,O,400000,500000,6035,,,
3,F46,P46_6,M,500000,600000,6035,500000.0,506035.0,93965.0
3,F46,P46_7,O,600000,700000,6035,,,
3,F46,P46_8,M,700000,800000,6035,700000.0,706035.0,93965.0
3,F48,P48_1,M,0,400000,5319,11274.0,16593.0,383407.0
3,F48,P48_2,O,400000,800000,5319,,,
3,F7,P7_1,O,0,100000,6004,,,
3,F7,P7_2,M,100000,200000,6004,106035.0,112039.0,87961.0
3,F7,P7_3,O,200000,300000,6004,,,
3,F7,P7_4,M,300000,400000,6004,306035.0,312039.0,87961.0
3,F7,P7_5,O,400000,500000,6004,,,
3,F7,P7_6,M,500000,600000,6004,506035.0,512039.0,87961.0
3,F7,P7_7,O,600000,700000,6004,,,
3,F7,P7_8,M,700000,800000,6004,706035.0,712039.0,87961.0
4,F16,P16_1,O,0,400000,600,,,
4,F16,P16_2,M,400000,800000,600,401052.0,401652.0,398348.0
4,F32,P32_1,M,0,400000,4531,0.0,4531.0,395469.0
4,F32,P32_2,O,400000,800000,4531,,,
4,F36,P36_1,M,0,400000,2483,4531.0,7014.0,392986.0
4,F36,P36_2,O,400000,800000,2483,,,
4,F40,P40_1,O,0,400000,1052,,,
4,F40,P40_2,M,400000,800000,1052,400000.0,401052.0,398948.0
5,F10,P10_1,O,0,400000,5338,,,
5,F10,P10_2,M,400000,800000,5338,415953.0,421291.0,378709.0
5,F12,P12_1,O,0,400000,6367,,,
5,F12,P12_2,M,400000,800000,6367,409586.0,415953.0,384047.0
5,F29,P29_1,M,0,400000,3367,0.0,3367.0,396633.0
5,F29,P29_2,O,400000,800000,3367,,,
5,F38,P38_1,M,0,400000,600,5504.0,6104.0,393896.0
5,F38,P38_2,O,400000,800000,600,,,
5,F39,P39_1,M,0,400000,954,4550.0,5504.0,394496.0
5,F39,P39_2,O,400000,800000,954,,,
5,F47,P47_1,O,0,400000,9586,,,
5,F47,P47_2,M,400000,800000,9586,400000.0,409586.0,390414.0
5,F6,P6_1,M,0,400000,1183,3367.0,4550.0,395450.0
5,F6,P6_2,O,400000,800000,1183,,,
6,F14,P14_1,M,0,400000,5957,8956.0,14913.0,385087.0
6,F14,P14_2,O,400000,800000,5957,,,
6,F24,P24_1,M,0,400000,8956,0.0,8956.0,391044.0
6,F24,P24_2,O,400000,800000,8956,,,
6,F3,P3_1,O,0,400000,1931,,,
6,F3,P3_2,M,400000,800000,1931,408447.0,410378.0,389622.0
6,F35,P35_1,O,0,200000,6811,,,
6,F35,P35_2,M,200000,400000,6811,200000.0,206811.0,193189.0
6,F35,P35_3,O,400000,600000,6811,,,
6,F35,P35_4,M,600000,800000,6811,600000.0,606811.0,193189.0
6,F37,P37_1,O,0,400000,3691,,,
6,F37,P37_2,M,400000,800000,3691,404756.0,408447.0,391553.0
6,F42,P42_1,O,0,400000,4756,,,
6,F42,P42_2,M,400000,800000,4756,400000.0,404756.0,395244.0
6,F5,P5_1,O,0,400000,600,,,
6,F5,P5_2,M,400000,800000,600,410378.0,410978.0,389022.0
7,F21,P21_1,O,0,400000,1520,,,
7,F21,P21_2,M,400000,800000,1520,400000.0,401520.0,398480.0
7,F23,P23_1,M,0,400000,3489,5534.0,9023.0,390977.0
7,F23,P23_2,O,400000,800000,3489,,,
7,F34,P34_1,M,0,400000,5534,0.0,5534.0,394466.0
7,F34,P34_2,O,400000,800000,5534,,,
7,F44,P44_1,O,0,400000,815,,,
7,F44,P44_2,M,400000,800000,815,401520.0,402335.0,397665.0
