Flow,Period,Deadline,Execution Time,m,k,Target_Utilization,Actual_Utilization,Utilization_Error,Queue
F1,200000,200000,864,1,3,0.0043203613741321645,0.00432,,6
F2,200000,200000,5320,1,3,0.026598830048668476,0.0266,,6
F3,400000,400000,6561,1,3,0.01640152721805954,0.0164025,,7
F4,400000,400000,10835,1,3,0.02708760579777847,0.0270875,,1
F5,200000,200000,11717,1,3,0.058584217861020804,0.058585,,3
F6,400000,400000,7455,1,3,0.018638179894058082,0.0186375,,2
F7,100000,100000,6164,1,3,0.061643491471787715,0.06164,,6
F8,100000,100000,3828,1,3,0.03827871603385935,0.03828,,6
F9,200000,200000,5909,1,3,0.029544632963077633,0.029545,,1
F10,100000,100000,6757,1,3,0.06757364293197876,0.06757,,1
F11,400000,400000,8469,1,3,0.02117309325799943,0.0211725,,3
F12,400000,400000,7209,1,3,0.018023575732968422,0.0180225,,1
F13,400000,400000,9375,1,3,0.023436518386496324,0.0234375,,4
F14,100000,100000,7213,1,3,0.07213144507191604,0.07213,,1
F15,100000,100000,10108,1,3,0.10107501348627862,0.10108,,6
F16,200000,200000,5769,1,3,0.028844854229529787,0.028845,,4
