Queue,Flow,Packet_ID,Type,Arrival,Deadline,Exec
1,F1,P1_1,M,0,400000,3673
1,F1,P1_2,M,400000,800000,3673
1,F1,P1_3,O,800000,1200000,3673
3,F11,P11_1,M,0,100000,7131
3,F11,P11_2,M,100000,200000,7131
3,F11,P11_3,O,200000,300000,7131
3,F11,P11_4,M,300000,400000,7131
3,F11,P11_5,M,400000,500000,7131
3,F11,P11_6,O,500000,600000,7131
3,F11,P11_7,M,600000,700000,7131
3,F11,P11_8,M,700000,800000,7131
3,F11,P11_9,O,800000,900000,7131
3,F11,P11_10,M,900000,1000000,7131
3,F11,P11_11,M,1000000,1100000,7131
3,F11,P11_12,O,1100000,1200000,7131
3,F5,P5_1,M,0,200000,5778
3,F5,P5_2,M,200000,400000,5778
3,F5,P5_3,O,400000,600000,5778
3,F5,P5_4,M,600000,800000,5778
3,F5,P5_5,M,800000,1000000,5778
3,F5,P5_6,O,1000000,1200000,5778
3,F6,P6_1,M,0,400000,600
3,F6,P6_2,M,400000,800000,600
3,F6,P6_3,O,800000,1200000,600
4,F12,P12_1,O,0,100000,1676
4,F12,P12_2,M,100000,200000,1676
4,F12,P12_3,M,200000,300000,1676
4,F12,P12_4,O,300000,400000,1676
4,F12,P12_5,M,400000,500000,1676
4,F12,P12_6,M,500000,600000,1676
4,F12,P12_7,O,600000,700000,1676
4,F12,P12_8,M,700000,800000,1676
4,F12,P12_9,M,800000,900000,1676
4,F12,P12_10,O,900000,1000000,1676
4,F12,P12_11,M,1000000,1100000,1676
4,F12,P12_12,M,1100000,1200000,1676
4,F14,P14_1,M,0,100000,4559
4,F14,P14_2,O,100000,200000,4559
4,F14,P14_3,M,200000,300000,4559
4,F14,P14_4,M,300000,400000,4559
4,F14,P14_5,O,400000,500000,4559
4,F14,P14_6,M,500000,600000,4559
4,F14,P14_7,M,600000,700000,4559
4,F14,P14_8,O,700000,800000,4559
4,F14,P14_9,M,800000,900000,4559
4,F14,P14_10,M,900000,1000000,4559
4,F14,P14_11,O,1000000,1100000,4559
4,F14,P14_12,M,1100000,1200000,4559
4,F3,P3_1,M,0,100000,11402
4,F3,P3_2,O,100000,200000,11402
4,F3,P3_3,M,200000,300000,11402
4,F3,P3_4,M,300000,400000,11402
4,F3,P3_5,O,400000,500000,11402
4,F3,P3_6,M,500000,600000,11402
4,F3,P3_7,M,600000,700000,11402
4,F3,P3_8,O,700000,800000,11402
4,F3,P3_9,M,800000,900000,11402
4,F3,P3_10,M,900000,1000000,11402
4,F3,P3_11,O,1000000,1100000,11402
4,F3,P3_12,M,1100000,1200000,11402
4,F7,P7_1,M,0,100000,7260
4,F7,P7_2,O,100000,200000,7260
4,F7,P7_3,M,200000,300000,7260
4,F7,P7_4,M,300000,400000,7260
4,F7,P7_5,O,400000,500000,7260
4,F7,P7_6,M,500000,600000,7260
4,F7,P7_7,M,600000,700000,7260
4,F7,P7_8,O,700000,800000,7260
4,F7,P7_9,M,800000,900000,7260
4,F7,P7_10,M,900000,1000000,7260
4,F7,P7_11,O,1000000,1100000,7260
4,F7,P7_12,M,1100000,1200000,7260
5,F4,P4_1,M,0,400000,9407
5,F4,P4_2,O,400000,800000,9407
5,F4,P4_3,M,800000,1200000,9407
6,F15,P15_1,M,0,400000,5153
6,F15,P15_2,M,400000,800000,5153
6,F15,P15_3,O,800000,1200000,5153
6,F16,P16_1,M,0,200000,7961
6,F16,P16_2,O,200000,400000,7961
6,F16,P16_3,M,400000,600000,7961
6,F16,P16_4,M,600000,800000,7961
6,F16,P16_5,O,800000,1000000,7961
6,F16,P16_6,M,1000000,1200000,7961
7,F10,P10_1,M,0,400000,10047
7,F10,P10_2,M,400000,800000,10047
7,F10,P10_3,O,800000,1200000,10047
7,F13,P13_1,M,0,400000,1779
7,F13,P13_2,M,400000,800000,1779
7,F13,P13_3,O,800000,1200000,1779
7,F2,P2_1,O,0,100000,8185
7,F2,P2_2,M,100000,200000,8185
7,F2,P2_3,M,200000,300000,8185
7,F2,P2_4,O,300000,400000,8185
7,F2,P2_5,M,400000,500000,8185
7,F2,P2_6,M,500000,600000,8185
7,F2,P2_7,O,600000,700000,8185
7,F2,P2_8,M,700000,800000,8185
7,F2,P2_9,M,800000,900000,8185
7,F2,P2_10,O,900000,1000000,8185
7,F2,P2_11,M,1000000,1100000,8185
7,F2,P2_12,M,1100000,1200000,8185
7,F8,P8_1,M,0,50000,2719
7,F8,P8_2,O,50000,100000,2719
7,F8,P8_3,M,100000,150000,2719
7,F8,P8_4,M,150000,200000,2719
7,F8,P8_5,O,200000,250000,2719
7,F8,P8_6,M,250000,300000,2719
7,F8,P8_7,M,300000,350000,2719
7,F8,P8_8,O,350000,400000,2719
7,F8,P8_9,M,400000,450000,2719
7,F8,P8_10,M,450000,500000,2719
7,F8,P8_11,O,500000,550000,2719
7,F8,P8_12,M,550000,600000,2719
7,F8,P8_13,M,600000,650000,2719
7,F8,P8_14,O,650000,700000,2719
7,F8,P8_15,M,700000,750000,2719
7,F8,P8_16,M,750000,800000,2719
7,F8,P8_17,O,800000,850000,2719
7,F8,P8_18,M,850000,900000,2719
7,F8,P8_19,M,900000,950000,2719
7,F8,P8_20,O,950000,1000000,2719
7,F8,P8_21,M,1000000,1050000,2719
7,F8,P8_22,M,1050000,1100000,2719
7,F8,P8_23,O,1100000,1150000,2719
7,F8,P8_24,M,1150000,1200000,2719
7,F9,P9_1,M,0,50000,5888
7,F9,P9_2,O,50000,100000,5888
7,F9,P9_3,M,100000,150000,5888
7,F9,P9_4,M,150000,200000,5888
7,F9,P9_5,O,200000,250000,5888
7,F9,P9_6,M,250000,300000,5888
7,F9,P9_7,M,300000,350000,5888
7,F9,P9_8,O,350000,400000,5888
7,F9,P9_9,M,400000,450000,5888
7,F9,P9_10,M,450000,500000,5888
7,F9,P9_11,O,500000,550000,5888
7,F9,P9_12,M,550000,600000,5888
7,F9,P9_13,M,600000,650000,5888
7,F9,P9_14,O,650000,700000,5888
7,F9,P9_15,M,700000,750000,5888
7,F9,P9_16,M,750000,800000,5888
7,F9,P9_17,O,800000,850000,5888
7,F9,P9_18,M,850000,900000,5888
7,F9,P9_19,M,900000,950000,5888
7,F9,P9_20,O,950000,1000000,5888
7,F9,P9_21,M,1000000,1050000,5888
7,F9,P9_22,M,1050000,1100000,5888
7,F9,P9_23,O,1100000,1150000,5888
7,F9,P9_24,M,1150000,1200000,5888
