Queue,Flow,Packet_ID,Type,Arrival,Deadline,Exec,Start,Finish,Slack
1,F10,P10_1,M,0,400000,3213,4727.0,7940.0,392060.0
1,F10,P10_2,O,400000,800000,3213,,,
1,F10,P10_3,O,800000,1200000,3213,,,
1,F13,P13_1,O,0,400000,1875,,,
1,F13,P13_2,O,400000,800000,1875,,,
1,F13,P13_3,M,800000,1200000,1875,800000.0,801875.0,398125.0
1,F44,P44_1,M,0,400000,4727,0.0,4727.0,395273.0
1,F44,P44_2,O,400000,800000,4727,,,
1,F44,P44_3,O,800000,1200000,4727,,,
1,F45,P45_1,O,0,400000,6087,,,
1,F45,P45_2,M,400000,800000,6087,400000.0,406087.0,393913.0
1,F45,P45_3,O,800000,1200000,6087,,,
1,F5,P5_1,O,0,400000,600,,,
1,F5,P5_2,O,400000,800000,600,,,
1,F5,P5_3,M,800000,1200000,600,801875.0,802475.0,397525.0
2,F15,P15_1,O,0,400000,600,,,
2,F15,P15_2,M,400000,800000,600,400000.0,400600.0,399400.0
2,F15,P15_3,O,800000,1200000,600,,,
2,F18,P18_1,O,0,200000,2421,,,
2,F18,P18_2,M,200000,400000,2421,200000.0,202421.0,197579.0
2,F18,P18_3,O,400000,600000,2421,,,
2,F18,P18_4,O,600000,800000,2421,,,
2,F18,P18_5,M,800000,1000000,2421,800000.0,802421.0,197579.0
2,F18,P18_6,O,1000000,1200000,2421,,,
2,F30,P30_1,M,0,200000,1702,0.0,1702.0,198298.0
2,F30,P30_2,O,200000,400000,1702,,,
2,F30,P30_3,O,400000,600000,1702,,,
2,F30,P30_4,M,600000,800000,1702,600000.0,601702.0,198298.0
2,F30,P30_5,O,800000,1000000,1702,,,
2,F30,P30_6,O,1000000,1200000,1702,,,
2,F43,P43_1,M,0,400000,1767,1702.0,3469.0,396531.0
2,F43,P43_2,O,400000,800000,1767,,,
2,F43,P43_3,O,800000,1200000,1767,,,
3,F12,P12_1,O,0,400000,5671,,,
3,F12,P12_2,O,400000,800000,5671,,,
3,F12,P12_3,M,800000,1200000,5671,801605.0,807276.0,392724.0
3,F3,P3_1,M,0,400000,600,4059.0,4659.0,395341.0
3,F3,P3_2,O,400000,800000,600,,,
3,F3,P3_3,O,800000,1200000,600,,,
3,F33,P33_1,M,0,400000,4059,0.0,4059.0,395941.0
3,F33,P33_2,O,400000,800000,4059,,,
3,F33,P33_3,O,800000,1200000,4059,,,
3,F38,P38_1,O,0,200000,1605,,,
3,F38,P38_2,M,200000,400000,1605,200000.0,201605.0,198395.0
3,F38,P38_3,O,400000,600000,1605,,,
3,F38,P38_4,O,600000,800000,1605,,,
3,F38,P38_5,M,800000,1000000,1605,800000.0,801605.0,198395.0
3,F38,P38_6,O,1000000,1200000,1605,,,
3,F6,P6_1,O,0,400000,7055,,,
3,F6,P6_2,M,400000,800000,7055,400000.0,407055.0,392945.0
3,F6,P6_3,O,800000,1200000,7055,,,
4,F2,P2_1,O,0,400000,1445,,,
4,F2,P2_2,M,400000,800000,1445,405908.0,407353.0,392647.0
4,F2,P2_3,O,800000,1200000,1445,,,
4,F29,P29_1,O,0,400000,5587,,,
4,F29,P29_2,O,400000,800000,5587,,,
4,F29,P29_3,M,800000,1200000,5587,806002.0,811589.0,388411.0
4,F34,P34_1,M,0,400000,8591,3271.0,11862.0,388138.0
4,F34,P34_2,O,400000,800000,8591,,,
4,F34,P34_3,O,800000,1200000,8591,,,
4,F40,P40_1,O,0,400000,3828,,,
4,F40,P40_2,M,400000,800000,3828,400000.0,403828.0,396172.0
4,F40,P40_3,O,800000,1200000,3828,,,
4,F41,P41_1,M,0,200000,3271,0.0,3271.0,196729.0
4,F41,P41_2,O,200000,400000,3271,,,
4,F41,P41_3,O,400000,600000,3271,,,
4,F41,P41_4,M,600000,800000,3271,600000.0,603271.0,196729.0
4,F41,P41_5,O,800000,1000000,3271,,,
4,F41,P41_6,O,1000000,1200000,3271,,,
4,F47,P47_1,O,0,400000,2080,,,
4,F47,P47_2,M,400000,800000,2080,403828.0,405908.0,394092.0
4,F47,P47_3,O,800000,1200000,2080,,,
4,F7,P7_1,O,0,200000,6002,,,
4,F7,P7_2,M,200000,400000,6002,200000.0,206002.0,193998.0
4,F7,P7_3,O,400000,600000,6002,,,
4,F7,P7_4,O,600000,800000,6002,,,
4,F7,P7_5,M,800000,1000000,6002,800000.0,806002.0,193998.0
4,F7,P7_6,O,1000000,1200000,6002,,,
5,F22,P22_1,M,0,400000,1978,7365.0,9343.0,390657.0
5,F22,P22_2,O,400000,800000,1978,,,
5,F22,P22_3,O,800000,1200000,1978,,,
5,F32,P32_1,O,0,400000,7831,,,
5,F32,P32_2,O,400000,800000,7831,,,
5,F32,P32_3,M,800000,1200000,7831,805383.0,813214.0,386786.0
5,F35,P35_1,O,0,200000,8844,,,
5,F35,P35_2,O,200000,400000,8844,,,
5,F35,P35_3,M,400000,600000,8844,411607.0,420451.0,179549.0
5,F35,P35_4,O,600000,800000,8844,,,
5,F35,P35_5,O,800000,1000000,8844,,,
5,F35,P35_6,M,1000000,1200000,8844,1011607.0,1020451.0,179549.0
5,F37,P37_1,O,0,200000,11607,,,
5,F37,P37_2,O,200000,400000,11607,,,
5,F37,P37_3,M,400000,600000,11607,400000.0,411607.0,188393.0
5,F37,P37_4,O,600000,800000,11607,,,
5,F37,P37_5,O,800000,1000000,11607,,,
5,F37,P37_6,M,1000000,1200000,11607,1000000.0,1011607.0,188393.0
5,F39,P39_1,O,0,200000,5383,,,
5,F39,P39_2,M,200000,400000,5383,200000.0,205383.0,194617.0
5,F39,P39_3,O,400000,600000,5383,,,
5,F39,P39_4,O,600000,800000,5383,,,
5,F39,P39_5,M,800000,1000000,5383,800000.0,805383.0,194617.0
5,F39,P39_6,O,1000000,1200000,5383,,,
5,F4,P4_1,O,0,400000,5531,,,
5,F4,P4_2,O,400000,800000,5531,,,
5,F4,P4_3,M,800000,1200000,5531,813214.0,818745.0,381255.0
5,F42,P42_1,M,0,200000,3312,0.0,3312.0,196688.0
5,F42,P42_2,O,200000,400000,3312,,,
5,F42,P42_3,O,400000,600000,3312,,,
5,F42,P42_4,M,600000,800000,3312,600000.0,603312.0,196688.0
5,F42,P42_5,O,800000,1000000,3312,,,
5,F42,P42_6,O,1000000,1200000,3312,,,
5,F46,P46_1,M,0,400000,1205,9343.0,10548.0,389452.0
5,F46,P46_2,O,400000,800000,1205,,,
5,F46,P46_3,O,800000,1200000,1205,,,
5,F9,P9_1,M,0,400000,4053,3312.0,7365.0,392635.0
5,F9,P9_2,O,400000,800000,4053,,,
5,F9,P9_3,O,800000,1200000,4053,,,
6,F1,P1_1,O,0,400000,600,,,
6,F1,P1_2,O,400000,800000,600,,,
6,F1,P1_3,M,800000,1200000,600,803527.0,804127.0,395873.0
6,F16,P16_1,O,0,400000,600,,,
6,F16,P16_2,O,400000,800000,600,,,
6,F16,P16_3,M,800000,1200000,600,804127.0,804727.0,395273.0
6,F17,P17_1,O,0,200000,4866,,,
6,F17,P17_2,O,200000,400000,4866,,,
6,F17,P17_3,M,400000,600000,4866,400000.0,404866.0,195134.0
6,F17,P17_4,O,600000,800000,4866,,,
6,F17,P17_5,O,800000,1000000,4866,,,
6,F17,P17_6,M,1000000,1200000,4866,1000000.0,1004866.0,195134.0
6,F20,P20_1,O,0,200000,1304,,,
6,F20,P20_2,M,200000,400000,1304,202223.0,203527.0,196473.0
6,F20,P20_3,O,400000,600000,1304,,,
6,F20,P20_4,O,600000,800000,1304,,,
6,F20,P20_5,M,800000,1000000,1304,802223.0,803527.0,196473.0
6,F20,P20_6,O,1000000,1200000,1304,,,
6,F21,P21_1,O,0,400000,6693,,,
6,F21,P21_2,M,400000,800000,6693,404866.0,411559.0,388441.0
6,F21,P21_3,O,800000,1200000,6693,,,
6,F23,P23_1,M,0,200000,7809,0.0,7809.0,192191.0
6,F23,P23_2,O,200000,400000,7809,,,
6,F23,P23_3,O,400000,600000,7809,,,
6,F23,P23_4,M,600000,800000,7809,600000.0,607809.0,192191.0
6,F23,P23_5,O,800000,1000000,7809,,,
6,F23,P23_6,O,1000000,1200000,7809,,,
6,F27,P27_1,O,0,200000,2223,,,
6,F27,P27_2,M,200000,400000,2223,200000.0,202223.0,197777.0
6,F27,P27_3,O,400000,600000,2223,,,
6,F27,P27_4,O,600000,800000,2223,,,
6,F27,P27_5,M,800000,1000000,2223,800000.0,802223.0,197777.0
6,F27,P27_6,O,1000000,1200000,2223,,,
6,F36,P36_1,M,0,400000,5777,7809.0,13586.0,386414.0
6,F36,P36_2,O,400000,800000,5777,,,
6,F36,P36_3,O,800000,1200000,5777,,,
7,F11,P11_1,O,0,400000,2715,,,
7,F11,P11_2,O,400000,800000,2715,,,
7,F11,P11_3,M,800000,1200000,2715,819269.0,821984.0,378016.0
7,F14,P14_1,O,0,200000,10855,,,
7,F14,P14_2,O,200000,400000,10855,,,
7,F14,P14_3,M,400000,600000,10855,407385.0,418240.0,181760.0
7,F14,P14_4,O,600000,800000,10855,,,
7,F14,P14_5,O,800000,1000000,10855,,,
7,F14,P14_6,M,1000000,1200000,10855,1007385.0,1018240.0,181760.0
7,F19,P19_1,O,0,100000,7385,,,
7,F19,P19_2,M,100000,200000,7385,100000.0,107385.0,92615.0
7,F19,P19_3,O,200000,300000,7385,,,
7,F19,P19_4,O,300000,400000,7385,,,
7,F19,P19_5,M,400000,500000,7385,400000.0,407385.0,92615.0
7,F19,P19_6,O,500000,600000,7385,,,
7,F19,P19_7,O,600000,700000,7385,,,
7,F19,P19_8,M,700000,800000,7385,700000.0,707385.0,92615.0
7,F19,P19_9,O,800000,900000,7385,,,
7,F19,P19_10,O,900000,1000000,7385,,,
7,F19,P19_11,M,1000000,1100000,7385,1000000.0,1007385.0,92615.0
7,F19,P19_12,O,1100000,1200000,7385,,,
7,F24,P24_1,O,0,200000,11725,,,
7,F24,P24_2,M,200000,400000,11725,200000.0,211725.0,188275.0
7,F24,P24_3,O,400000,600000,11725,,,
7,F24,P24_4,O,600000,800000,11725,,,
7,F24,P24_5,M,800000,1000000,11725,800000.0,811725.0,188275.0
7,F24,P24_6,O,1000000,1200000,11725,,,
7,F25,P25_1,O,0,200000,3854,,,
7,F25,P25_2,O,200000,400000,3854,,,
7,F25,P25_3,M,400000,600000,3854,418240.0,422094.0,177906.0
7,F25,P25_4,O,600000,800000,3854,,,
7,F25,P25_5,O,800000,1000000,3854,,,
7,F25,P25_6,M,1000000,1200000,3854,1018240.0,1022094.0,177906.0
7,F26,P26_1,M,0,400000,10503,1609.0,12112.0,387888.0
7,F26,P26_2,O,400000,800000,10503,,,
7,F26,P26_3,O,800000,1200000,10503,,,
7,F28,P28_1,M,0,50000,1609,0.0,1609.0,48391.0
7,F28,P28_2,O,50000,100000,1609,,,
7,F28,P28_3,O,100000,150000,1609,,,
7,F28,P28_4,M,150000,200000,1609,150000.0,151609.0,48391.0
7,F28,P28_5,O,200000,250000,1609,,,
7,F28,P28_6,O,250000,300000,1609,,,
7,F28,P28_7,M,300000,350000,1609,300000.0,301609.0,48391.0
7,F28,P28_8,O,350000,400000,1609,,,
7,F28,P28_9,O,400000,450000,1609,,,
7,F28,P28_10,M,450000,500000,1609,450000.0,451609.0,48391.0
7,F28,P28_11,O,500000,550000,1609,,,
7,F28,P28_12,O,550000,600000,1609,,,
7,F28,P28_13,M,600000,650000,1609,600000.0,601609.0,48391.0
7,F28,P28_14,O,650000,700000,1609,,,
7,F28,P28_15,O,700000,750000,1609,,,
7,F28,P28_16,M,750000,800000,1609,750000.0,751609.0,48391.0
7,F28,P28_17,O,800000,850000,1609,,,
7,F28,P28_18,O,850000,900000,1609,,,
7,F28,P28_19,M,900000,950000,1609,900000.0,901609.0,48391.0
7,F28,P28_20,O,950000,1000000,1609,,,
7,F28,P28_21,O,1000000,1050000,1609,,,
7,F28,P28_22,M,1050000,1100000,1609,1050000.0,1051609.0,48391.0
7,F28,P28_23,O,1100000,1150000,1609,,,
7,F28,P28_24,O,1150000,1200000,1609,,,
7,F31,P31_1,O,0,400000,4643,,,
7,F31,P31_2,O,400000,800000,4643,,,
7,F31,P31_3,M,800000,1200000,4643,814626.0,819269.0,380731.0
7,F48,P48_1,O,0,400000,906,,,
7,F48,P48_2,O,400000,800000,906,,,
7,F48,P48_3,M,800000,1200000,906,821984.0,822890.0,377110.0
7,F8,P8_1,O,0,200000,2901,,,
7,F8,P8_2,M,200000,400000,2901,211725.0,214626.0,185374.0
7,F8,P8_3,O,400000,600000,2901,,,
7,F8,P8_4,O,600000,800000,2901,,,
7,F8,P8_5,M,800000,1000000,2901,811725.0,814626.0,185374.0
7,F8,P8_6,O,1000000,1200000,2901,,,
