Packet_ID,Flow,Queue,Arrival,Deadline,Execution_Time,Scheduled,Gate_Open,Gate_Close,Response_Time
P15_1,F15,2,0,50000,731,True,0.0,731.0,731.0
P32_1,F32,1,0,100000,2425,True,827.0,3252.0,3252.0
P25_1,F25,1,0,100000,1750,True,3348.0,5098.0,5098.0
P28_1,F28,3,0,100000,778,True,5194.0,5972.0,5972.0
P10_1,F10,1,0,200000,8111,True,6068.0,14179.0,14179.0
P11_1,F11,1,0,200000,7518,True,14275.0,21793.0,21793.0
P16_1,F16,1,0,200000,6916,True,21889.0,28805.0,28805.0
P31_1,F31,3,0,200000,6411,True,28901.0,35312.0,35312.0
P47_1,F47,3,0,200000,3645,True,35408.0,39053.0,39053.0
P38_1,F38,1,0,200000,1535,True,39149.0,40684.0,40684.0
P27_1,F27,5,0,200000,751,True,40780.0,41531.0,41531.0
P21_1,F21,1,0,400000,11892,True,41627.0,53519.0,53519.0
P46_1,F46,2,0,400000,2035,True,53615.0,55650.0,55650.0
P6_1,F6,2,0,400000,962,True,55746.0,56708.0,56708.0
P15_2,F15,2,50000,100000,731,True,56804.0,57535.0,7535.0
P48_1,F48,3,0,400000,10995,True,57631.0,68626.0,68626.0
P41_1,F41,4,0,400000,9842,True,68722.0,78564.0,78564.0
P17_1,F17,3,0,400000,9718,True,78660.0,88378.0,88378.0
P5_1,F5,4,0,400000,9271,True,88474.0,97745.0,97745.0
P8_1,F8,3,0,400000,9125,True,97841.0,106966.0,106966.0
P42_1,F42,1,0,400000,8117,True,107062.0,115179.0,115179.0
P3_1,F3,1,0,400000,2321,True,115275.0,117596.0,117596.0
P37_1,F37,1,0,400000,884,True,117692.0,118576.0,118576.0
P25_2,F25,1,100000,200000,1750,True,118672.0,120422.0,20422.0
P9_1,F9,3,0,400000,7089,True,120518.0,127607.0,127607.0
P36_1,F36,3,0,400000,2041,True,127703.0,129744.0,129744.0
P28_2,F28,3,100000,200000,778,True,129840.0,130618.0,30618.0
P1_1,F1,4,0,400000,7742,True,130714.0,138456.0,138456.0
P4_1,F4,5,0,400000,7133,True,138552.0,145685.0,145685.0
P7_1,F7,5,0,400000,6060,True,145781.0,151841.0,151841.0
P15_4,F15,2,150000,200000,731,True,151937.0,152668.0,2668.0
P26_1,F26,6,0,400000,4327,True,152764.0,157091.0,157091.0
P39_1,F39,6,0,400000,2005,True,157187.0,159192.0,159192.0
P23_1,F23,7,0,400000,1912,True,159288.0,161200.0,161200.0
P43_1,F43,4,0,400000,1905,True,161296.0,163201.0,163201.0
P29_1,F29,6,0,400000,1149,True,163297.0,164446.0,164446.0
P13_1,F13,4,0,400000,852,True,164542.0,165394.0,165394.0
P33_1,F33,5,0,400000,792,True,165490.0,166282.0,166282.0
P44_1,F44,6,0,400000,675,True,166378.0,167053.0,167053.0
P14_1,F14,7,0,400000,641,True,167149.0,167790.0,167790.0
P18_1,F18,8,0,200000,5813,True,167886.0,173699.0,173699.0
P2_1,F2,8,0,200000,3103,True,173795.0,176898.0,176898.0
P12_1,F12,8,0,200000,2625,True,176994.0,179619.0,179619.0
P45_1,F45,8,0,400000,2929,True,179715.0,182644.0,182644.0
P22_1,F22,8,0,400000,2055,True,182740.0,184795.0,184795.0
P35_1,F35,8,0,400000,1557,True,184891.0,186448.0,186448.0
P20_1,F20,8,0,400000,1267,True,186544.0,187811.0,187811.0
P15_5,F15,2,200000,250000,731,True,200000.0,200731.0,731.0
P32_3,F32,1,200000,300000,2425,True,200827.0,203252.0,3252.0
P10_2,F10,1,200000,400000,8111,True,203348.0,211459.0,11459.0
P11_2,F11,1,200000,400000,7518,True,211555.0,219073.0,19073.0
P18_2,F18,4,200000,400000,5813,True,219169.0,224982.0,24982.0
P2_2,F2,4,200000,400000,3103,True,225078.0,228181.0,28181.0
P12_2,F12,4,200000,400000,2625,True,228277.0,230902.0,30902.0
P38_2,F38,1,200000,400000,1535,True,230998.0,232533.0,32533.0
P27_2,F27,5,200000,400000,751,True,232629.0,233380.0,33380.0
P19_1,F19,8,0,400000,10191,True,233476.0,243667.0,243667.0
P40_1,F40,8,0,400000,1223,True,243763.0,244986.0,244986.0
P30_1,F30,8,0,400000,1143,True,245082.0,246225.0,246225.0
P34_1,F34,8,0,400000,709,True,246321.0,247030.0,247030.0
P24_1,F24,8,0,400000,600,True,247126.0,247726.0,247726.0
P25_3,F25,8,200000,300000,1750,True,247822.0,249572.0,49572.0
P28_3,F28,8,200000,300000,778,True,249668.0,250446.0,50446.0
P16_2,F16,8,200000,400000,6916,True,250542.0,257458.0,57458.0
P31_2,F31,8,200000,400000,6411,True,257554.0,263965.0,63965.0
P47_2,F47,8,200000,400000,3645,True,264061.0,267706.0,67706.0
P15_6,F15,8,250000,300000,731,True,267802.0,268533.0,18533.0
P15_7,F15,2,300000,350000,731,True,300000.0,300731.0,731.0
P32_4,F32,1,300000,400000,2425,True,300827.0,303252.0,3252.0
P25_4,F25,1,300000,400000,1750,True,303348.0,305098.0,5098.0
P28_4,F28,3,300000,400000,778,True,305194.0,305972.0,5972.0
P15_8,F15,2,350000,400000,731,True,350000.0,350731.0,731.0
P25_5,F25,1,400000,500000,1750,True,400000.0,401750.0,1750.0
P28_5,F28,3,400000,500000,778,True,401846.0,402624.0,2624.0
P16_3,F16,1,400000,600000,6916,True,402720.0,409636.0,9636.0
P31_3,F31,3,400000,600000,6411,True,409732.0,416143.0,16143.0
P18_3,F18,4,400000,600000,5813,True,416239.0,422052.0,22052.0
P47_3,F47,3,400000,600000,3645,True,422148.0,425793.0,25793.0
P2_3,F2,4,400000,600000,3103,True,425889.0,428992.0,28992.0
P12_3,F12,4,400000,600000,2625,True,429088.0,431713.0,31713.0
P48_2,F48,3,400000,800000,10995,True,431809.0,442804.0,42804.0
P19_2,F19,1,400000,800000,10191,True,442900.0,453091.0,53091.0
P20_2,F20,2,400000,800000,1267,True,453187.0,454454.0,54454.0
P6_2,F6,2,400000,800000,962,True,454550.0,455512.0,55512.0
P15_10,F15,2,450000,500000,731,True,455608.0,456339.0,6339.0
P5_2,F5,4,400000,800000,9271,True,456435.0,465706.0,65706.0
P42_2,F42,1,400000,800000,8117,True,465802.0,473919.0,73919.0
P1_2,F1,4,400000,800000,7742,True,474015.0,481757.0,81757.0
P26_2,F26,6,400000,800000,4327,True,481853.0,486180.0,86180.0
P45_2,F45,5,400000,800000,2929,True,486276.0,489205.0,89205.0
P22_2,F22,5,400000,800000,2055,True,489301.0,491356.0,91356.0
P36_2,F36,3,400000,800000,2041,True,491452.0,493493.0,93493.0
P39_2,F39,6,400000,800000,2005,True,493589.0,495594.0,95594.0
P23_2,F23,7,400000,800000,1912,True,495690.0,497602.0,97602.0
P43_2,F43,4,400000,800000,1905,True,497698.0,499603.0,99603.0
P35_2,F35,3,400000,800000,1557,True,499699.0,501256.0,101256.0
P15_11,F15,2,500000,550000,731,True,501352.0,502083.0,2083.0
P40_2,F40,1,400000,800000,1223,True,502179.0,503402.0,103402.0
P37_2,F37,1,400000,800000,884,True,503498.0,504382.0,104382.0
P32_6,F32,1,500000,600000,2425,True,504478.0,506903.0,6903.0
P30_2,F30,7,400000,800000,1143,True,506999.0,508142.0,108142.0
P13_2,F13,4,400000,800000,852,True,508238.0,509090.0,109090.0
P34_2,F34,3,400000,800000,709,True,509186.0,509895.0,109895.0
P24_2,F24,3,400000,800000,600,True,509991.0,510591.0,110591.0
P10_3,F10,8,400000,600000,8111,True,510687.0,518798.0,118798.0
P11_3,F11,8,400000,600000,7518,True,518894.0,526412.0,126412.0
P38_3,F38,8,400000,600000,1535,True,526508.0,528043.0,128043.0
P27_3,F27,8,400000,600000,751,True,528139.0,528890.0,128890.0
P21_2,F21,8,400000,800000,11892,True,528986.0,540878.0,140878.0
P41_2,F41,8,400000,800000,9842,True,540974.0,550816.0,150816.0
P17_2,F17,8,400000,800000,9718,True,550912.0,560630.0,160630.0
P8_2,F8,8,400000,800000,9125,True,560726.0,569851.0,169851.0
P4_2,F4,8,400000,800000,7133,True,569947.0,577080.0,177080.0
P9_2,F9,8,400000,800000,7089,True,577176.0,584265.0,184265.0
P3_2,F3,8,400000,800000,2321,True,584361.0,586682.0,186682.0
P29_2,F29,8,400000,800000,1149,True,586778.0,587927.0,187927.0
P15_13,F15,2,600000,650000,731,True,600000.0,600731.0,731.0
P32_7,F32,1,600000,700000,2425,True,600827.0,603252.0,3252.0
P25_7,F25,1,600000,700000,1750,True,603348.0,605098.0,5098.0
P28_7,F28,3,600000,700000,778,True,605194.0,605972.0,5972.0
P10_4,F10,1,600000,800000,8111,True,606068.0,614179.0,14179.0
P11_4,F11,1,600000,800000,7518,True,614275.0,621793.0,21793.0
P16_4,F16,1,600000,800000,6916,True,621889.0,628805.0,28805.0
P31_4,F31,3,600000,800000,6411,True,628901.0,635312.0,35312.0
P47_4,F47,3,600000,800000,3645,True,635408.0,639053.0,39053.0
P38_4,F38,1,600000,800000,1535,True,639149.0,640684.0,40684.0
P27_4,F27,5,600000,800000,751,True,640780.0,641531.0,41531.0
P15_14,F15,2,650000,700000,731,True,650000.0,650731.0,731.0
P7_2,F7,8,400000,800000,6060,True,650827.0,656887.0,256887.0
P46_2,F46,8,400000,800000,2035,True,656983.0,659018.0,259018.0
P33_2,F33,8,400000,800000,792,True,659114.0,659906.0,259906.0
P44_2,F44,8,400000,800000,675,True,660002.0,660677.0,260677.0
P14_2,F14,8,400000,800000,641,True,660773.0,661414.0,261414.0
P18_4,F18,8,600000,800000,5813,True,661510.0,667323.0,67323.0
P2_4,F2,8,600000,800000,3103,True,667419.0,670522.0,70522.0
P12_4,F12,8,600000,800000,2625,True,670618.0,673243.0,73243.0
P25_8,F25,1,700000,800000,1750,True,700000.0,701750.0,1750.0
P28_8,F28,3,700000,800000,778,True,701846.0,702624.0,2624.0
P15_15,F15,8,700000,750000,731,True,702720.0,703451.0,3451.0
P32_8,F32,8,700000,800000,2425,True,703547.0,705972.0,5972.0
P15_16,F15,2,750000,800000,731,True,750000.0,750731.0,731.0
P15_17,F15,2,800000,850000,731,True,800000.0,800731.0,731.0
P32_9,F32,1,800000,900000,2425,True,800827.0,803252.0,3252.0
P10_5,F10,1,800000,1000000,8111,True,803348.0,811459.0,11459.0
P11_5,F11,1,800000,1000000,7518,True,811555.0,819073.0,19073.0
P18_5,F18,4,800000,1000000,5813,True,819169.0,824982.0,24982.0
P2_5,F2,4,800000,1000000,3103,True,825078.0,828181.0,28181.0
P12_5,F12,4,800000,1000000,2625,True,828277.0,830902.0,30902.0
P38_5,F38,1,800000,1000000,1535,True,830998.0,832533.0,32533.0
P27_5,F27,5,800000,1000000,751,True,832629.0,833380.0,33380.0
P21_3,F21,1,800000,1200000,11892,True,833476.0,845368.0,45368.0
P19_3,F19,1,800000,1200000,10191,True,845464.0,855655.0,55655.0
P41_3,F41,4,800000,1200000,9842,True,855751.0,865593.0,65593.0
P17_3,F17,3,800000,1200000,9718,True,865689.0,875407.0,75407.0
P8_3,F8,3,800000,1200000,9125,True,875503.0,884628.0,84628.0
P4_3,F4,5,800000,1200000,7133,True,884724.0,891857.0,91857.0
P9_3,F9,3,800000,1200000,7089,True,891953.0,899042.0,99042.0
P7_3,F7,5,800000,1200000,6060,True,899138.0,905198.0,105198.0
P46_3,F46,2,800000,1200000,2035,True,905294.0,907329.0,107329.0
P20_3,F20,2,800000,1200000,1267,True,907425.0,908692.0,108692.0
P15_19,F15,2,900000,950000,731,True,908788.0,909519.0,9519.0
P3_3,F3,1,800000,1200000,2321,True,909615.0,911936.0,111936.0
P40_3,F40,1,800000,1200000,1223,True,912032.0,913255.0,113255.0
P32_10,F32,1,900000,1000000,2425,True,913351.0,915776.0,15776.0
P25_10,F25,1,900000,1000000,1750,True,915872.0,917622.0,17622.0
P35_3,F35,3,800000,1200000,1557,True,917718.0,919275.0,119275.0
P34_3,F34,3,800000,1200000,709,True,919371.0,920080.0,120080.0
P24_3,F24,3,800000,1200000,600,True,920176.0,920776.0,120776.0
P28_10,F28,3,900000,1000000,778,True,920872.0,921650.0,21650.0
P45_3,F45,5,800000,1200000,2929,True,921746.0,924675.0,124675.0
P22_3,F22,5,800000,1200000,2055,True,924771.0,926826.0,126826.0
P29_3,F29,6,800000,1200000,1149,True,926922.0,928071.0,128071.0
P30_3,F30,7,800000,1200000,1143,True,928167.0,929310.0,129310.0
P33_3,F33,5,800000,1200000,792,True,929406.0,930198.0,130198.0
P44_3,F44,6,800000,1200000,675,True,930294.0,930969.0,130969.0
P14_3,F14,7,800000,1200000,641,True,931065.0,931706.0,131706.0
P47_5,F47,8,800000,1000000,3645,True,931802.0,935447.0,135447.0
P36_3,F36,8,800000,1200000,2041,True,935543.0,937584.0,137584.0
P15_20,F15,2,950000,1000000,731,True,950000.0,950731.0,731.0
P16_5,F16,8,800000,1000000,6916,True,950827.0,957743.0,157743.0
P31_5,F31,8,800000,1000000,6411,True,957839.0,964250.0,164250.0
P48_3,F48,8,800000,1200000,10995,True,964346.0,975341.0,175341.0
P5_3,F5,8,800000,1200000,9271,True,975437.0,984708.0,184708.0
P39_3,F39,8,800000,1200000,2005,True,984804.0,986809.0,186809.0
P6_3,F6,8,800000,1200000,962,True,986905.0,987867.0,187867.0
P25_11,F25,1,1000000,1100000,1750,True,1000000.0,1001750.0,1750.0
P28_11,F28,3,1000000,1100000,778,True,1001846.0,1002624.0,2624.0
P16_6,F16,1,1000000,1200000,6916,True,1002720.0,1009636.0,9636.0
P31_6,F31,3,1000000,1200000,6411,True,1009732.0,1016143.0,16143.0
P18_6,F18,4,1000000,1200000,5813,True,1016239.0,1022052.0,22052.0
P47_6,F47,3,1000000,1200000,3645,True,1022148.0,1025793.0,25793.0
P2_6,F2,4,1000000,1200000,3103,True,1025889.0,1028992.0,28992.0
P12_6,F12,4,1000000,1200000,2625,True,1029088.0,1031713.0,31713.0
P26_3,F26,8,800000,1200000,4327,True,1031809.0,1036136.0,236136.0
P37_3,F37,8,800000,1200000,884,True,1036232.0,1037116.0,237116.0
P15_21,F15,8,1000000,1050000,731,True,1037212.0,1037943.0,37943.0
P15_22,F15,2,1050000,1100000,731,True,1050000.0,1050731.0,731.0
P42_3,F42,8,800000,1200000,8117,True,1050827.0,1058944.0,258944.0
P1_3,F1,8,800000,1200000,7742,True,1059040.0,1066782.0,266782.0
P23_3,F23,8,800000,1200000,1912,True,1066878.0,1068790.0,268790.0
P43_3,F43,8,800000,1200000,1905,True,1068886.0,1070791.0,270791.0
P13_3,F13,8,800000,1200000,852,True,1070887.0,1071739.0,271739.0
P32_11,F32,8,1000000,1100000,2425,True,1071835.0,1074260.0,74260.0
P10_6,F10,8,1000000,1200000,8111,True,1074356.0,1082467.0,82467.0
P38_6,F38,8,1000000,1200000,1535,True,1082563.0,1084098.0,84098.0
P27_6,F27,8,1000000,1200000,751,True,1084194.0,1084945.0,84945.0
P15_23,F15,2,1100000,1150000,731,True,1100000.0,1100731.0,731.0
P32_12,F32,1,1100000,1200000,2425,True,1100827.0,1103252.0,3252.0
P11_6,F11,8,1000000,1200000,7518,True,1103348.0,1110866.0,110866.0
P25_12,F25,8,1100000,1200000,1750,True,1110962.0,1112712.0,12712.0
P28_12,F28,8,1100000,1200000,778,True,1112808.0,1113586.0,13586.0
P15_24,F15,8,1150000,1200000,731,True,1150000.0,1150731.0,731.0
P15_3,F15,8,100000,150000,731,False,,,
P32_2,F32,8,100000,200000,2425,False,,,
P15_9,F15,8,400000,450000,731,False,,,
P32_5,F32,8,400000,500000,2425,False,,,
P25_6,F25,8,500000,600000,1750,False,,,
P28_6,F28,8,500000,600000,778,False,,,
P15_12,F15,8,550000,600000,731,False,,,
P25_9,F25,8,800000,900000,1750,False,,,
P28_9,F28,8,800000,900000,778,False,,,
P15_18,F15,8,850000,900000,731,False,,,
